1000
7.523786945517546 1.1843563638488488 0.6359102388147684 1.815867941713674 0.6549080117081338
5.8582360219104705 2.0549556486422422 5.796632247211702 2.209518555793732 0.7603385113610821
6.572542293193843 1.4641718995399169 0.43152709914861553 2.620412610960683 1.5492833462001043
1.54383897387423 1.5781074744535026 7.931850865185948 0.2124557759561308 0.46009134079570696
8.950545794285452 3.2136644005409414 1.3955089735638504 1.5041584761470213 0.8868407378197944
8.34581804063047 2.9420085610993687 1.575539220408137 1.5824017857454424 1.117918316935506
7.563274301970872 1.1122039926404823 7.755692270141156 0.5962785392460856 1.4336428985656127
7.181483636692915 1.0653893555968799 6.490614481657147 1.4218917517028675 1.5736691591338254
7.526348056896204 0.8949768966825395 6.73448291553314 2.0692978543414293 0.7842202086880963
0.20536695111577336 2.5733440085310524 1.4412098783127476 1.8543655683750155 1.5605580497245557
7.284564317715049 0.23534896975782826 1.349276644725614 1.4636031012640187 0.8352499064087836
0.9299477281430271 1.8129443966054972 5.5337169155074 1.8671103913886786 1.2325918635785427
0.7488972889590393 2.834263401837935 2.951579587362404 2.6438329449749802 0.6085266736721494
5.508097710455043 1.7683293281011379 0.8436935528505118 2.7311033769026256 1.5254963157759729
5.325175889466513 2.1444856771961347 7.268407300252096 1.5062644629719366 0.6600685119424579
7.89805169151112 0.40207189918042413 0.7758774917224467 2.4414996879404325 1.069400398790413
8.637136422134645 3.105822788957485 7.54316626359435 0.9889436840621055 1.107793220120251
0.8625906326240631 2.155284049757195 6.30169047847207 1.9764663321327094 0.7488377347188417
7.760327618247092 1.1495518803719809 7.480173905644848 1.53416613073541 1.3086674284532713
8.802658633724045 3.198321676356411 7.372445620976849 1.2248532398382612 1.4859004412383712
5.148491547736548 1.6289936078907852 6.388157885520005 1.2504937795673265 1.424483356929469
9.13332778287222 3.090948020566408 2.1956036240517003 1.232444437849625 1.5341441113666061
1.4176529248614458 1.8718091370353178 8.935731935631441 3.1646689317820402 1.5017019399665956
4.097531415329848 3.0093500755827716 3.4348874223530776 2.4202385517053937 1.2156932735754946
1.1806374695983568 1.7025114938246715 9.182514471397608 2.8406683167408717 0.67952980626497
6.871218559700566 0.8949851829014074 1.18705729022858 1.523316204834606 1.1246355032844435
8.0145209507023 0.6413880234321637 0.29027463504546475 2.159991434068839 0.6503223948823444
6.745627756860807 2.0666547146765684 2.4984540116705154 1.3046542770029195 0.8597308887898679
1.5248666567136773 1.3837557357299917 0.44737031441987113 2.2455525223360655 1.067629795841303
1.1601151669363556 1.872081313328335 7.293127326516205 1.022556027617934 1.2314208970856115
7.472011765835441 1.5348955425042434 9.245684859172579 3.2588530568661263 1.0049321957602797
7.8122149393303175 0.7284957012092378 5.152699710605765 2.185252394944112 0.7759792134756077
6.789036997366714 1.7556672288729187 6.547217843838778 1.3451668937175745 1.2772304866442368
0.9084072926308367 1.4805705518930716 8.574250002182394 2.696180001449974 0.9730168753824011
6.654024472036911 1.2979395760296684 0.7913394054091812 2.377923813612753 1.1338514691983008
7.862370671576663 0.8974160644292373 1.5108598984337742 1.8477808980562254 1.2198078874071336
5.6178132973848856 1.3518819272129488 2.1352903367092684 1.3899430774167596 1.1526683155031552
0.009274050657776936 3.1039966076212373 7.571946606024338 1.0777074363190817 0.6529260207661693
7.250357663034176 0.8490704069950981 7.252689899218987 1.860477277587045 1.1849188691936037
0.9229475816048673 1.853321524650114 0.3706268769495267 3.032050827488748 1.4499535578631098
0.9447558923365844 1.5841868173396825 0.8925443272966115 2.358533493777905 0.5258141572764133
3.5947008711863937 2.9865583465534162 0.34266776410083466 2.5897275515580587 0.6909240502145637
7.813481421916322 0.6304539113854484 5.762104255341701 2.16475770142899 1.1503402159527834
6.689094966985656 1.0615068220311632 2.6515409725219063 1.3453847510733363 1.3307620416831072
0.7952694467557317 1.7337621092034348 1.03713370168086 1.8783581308303716 1.4042213348493686
2.766539731994609 1.1089527664359542 6.385473183757294 1.7800176730276298 0.7181945728254685
8.033817351794141 2.7081409847556692 7.282495931663169 0.31024961504020165 1.3895683187042922
0.5194776273756396 2.754160719996917 6.626201627568798 1.869423760770191 0.8948783932644828
1.1857271658009336 1.5395809731635035 1.4734808116738178 1.4378554170744953 0.5772755011613983
0.20991491686019953 2.5207661173136438 7.565942090592319 1.752527162361745 0.8824151631268695
5.728249572459072 2.296478632862586 0.9694395199505117 1.5719742580860037 0.9507850938509141
6.03184607098846 1.8000059120655045 7.451708783214999 1.8919210161850204 0.894607618358698
9.363837457960123 2.745409105706107 0.20698177431263526 2.1451196687938263 1.336795763883001
7.294011509967377 2.014110120268135 0.49110495408024957 2.7425792743455104 1.2185703061589237
0.5842780546945536 2.253997379263872 0.36783460366300447 2.9452047240577057 1.1090112714043723
7.199522741654697 0.46027464620409486 1.6500130436770237 1.9025098084652818 1.4305469834075417
7.76570462027638 0.6494454425066927 1.3793566979989709 1.95379284613406 1.0287724366019464
7.295748540707501 0.6124927128322282 6.686020131785852 1.214971795839744 1.0083603268011434
5.917550022430733 1.8135422728093613 7.560777388695852 1.410028183756872 0.9184869370516229
0.7217570936541211 2.595032487325064 3.489918865540492 2.3742366233317385 1.0142113396951338
0.5316891624488218 2.1314907529904774 1.643801241283189 1.6875615871344225 0.5570496713818562
2.102873392159431 1.2578034784176622 7.2235613865317205 1.5080643454672051 0.529316553944742
0.4265960141074571 2.3695635696307877 0.674454501108352 2.5111943899999942 1.1638225143088863
6.99762459598872 1.4022437046689102 1.6339199460035538 1.9583424673357936 1.339097143937739
2.136209664723271 1.6765506616709824 0.769625545544201 2.6728145982109566 0.752224135948167
3.2612042966454897 2.481160626556833 0.7260963516250859 2.492393383637104 0.532655409625272
2.4013220661083055 1.7656847684442607 0.5729158520489699 2.2635786775927427 0.960974430327054
2.187309521033462 1.1669285790019546 1.5285416851519509 1.5790403759795237 1.024566328723989
5.90665100886849 1.5286900711013742 6.881880820460229 1.2743104328271522 0.577268199141035
0.44689752168111474 2.6195157659455055 6.646839587945768 0.9704323719517163 0.9107484759491056
6.7719030419162 1.224536298083148 7.00071896025386 1.6828713747007504 0.4524531497779317
0.5554067909808649 2.0302103797406437 7.478211250777392 0.5499716705506787 1.2871885628626623
7.764867345937947 1.5114713539343627 0.4375574060426963 2.7267317354801963 0.7690063204347029
0.6212335661237189 2.2797149763379627 8.85867487519353 2.967838733962477 0.9297101543977908
7.2355645475227925 1.4442519697305742 0.1748847458430829 2.61926478504728 0.8511714706013251
5.796742811246302 1.968429031320898 6.6397367784181105 1.6622278301285311 0.44184697194177186
7.6250817131640565 0.3455306247371505 1.1402297072897116 1.8409501262913213 1.522267154954988
7.204521295435569 0.8108917802701288 0.7069545634881405 2.2897726275064993 1.4431014157517603
0.7666881368847083 2.4772276923645733 0.9320655068103303 1.8814927975567899 0.6783498381663673
1.4852849995840796 1.9776644803370484 7.5114501173454125 1.2000855053196477 0.484959871925117
8.070163122995112 2.2847241296308556 1.4089676847695567 1.949405824364968 0.4348368621422495
1.0748833978436123 1.9251843722108684 3.0715027298131994 3.01829952758677 1.3504932424386036
1.3304801172304614 1.4773782607577508 0.4078804457092211 2.9021488534510995 0.5157548958293215
0.6491015627401053 3.209114890093866 0.9444170517421554 1.5053253638756006 0.6033033401011314
6.314477594487417 1.9812716261883045 1.8201949313632928 1.1654460944839866 1.4830529958780843
1.132303243497256 1.8877263086088276 0.6230958668557045 2.7039459918067403 1.5620081021731411
0.3876513014811325 2.5303829494894106 1.4007401627582006 1.6274367708547453 0.42826812922730273
1.2684085228232658 1.6515973877142158 0.33323370205722824 2.0136020458519033 0.73131368223967
7.259377509710795 1.616366422528468 0.20092006638517992 3.121916312370443 0.8866031697391041
6.860894185046028 1.197820097355514 6.954333162656897 1.70771763027094 0.8920670198173165
7.628583005978601 0.497816883805424 7.406686601220457 0.68403411523182 1.4153813980231034
6.553455258525395 1.5583846572084774 0.38118641263648967 2.551702100649089 1.270083999834025
7.626357603298877 1.8018056681246906 7.221855056529547 0.9409485847344894 1.307119095583521
0.7355062380523646 1.7517584452681867 8.848105112892739 2.790170356677231 0.7420841283168602
3.212943123307032 2.813558174901664 2.024835204699608 2.03184418594743 1.1675564039754383
0.9508978835717137 1.575316607859444 6.961661530125195 1.4968786661209004 1.0289711315631869
5.68952555847899 2.3348932214237825 2.492330457834832 1.4977464107406107 1.396236356977251
7.288358405434302 0.9688550090841498 0.5568359980402464 2.418165355068928 1.1583027933640657
2.9403391109421224 2.0201494942767417 1.1306189486277456 1.5215131017847432 1.1205012447528266
1.0080570632897656 1.5701431676485391 7.7680400041910564 0.9975186690438904 0.8647238918044942
0.4251291532340756 3.0119518141351334 7.208160890180557 1.5581884959566643 1.2204244371561415
7.214294627606547 0.9356095320535491 7.170349099439759 1.0981292707859813 1.0623404852644822
1.9805584677598147 1.3281136128100772 1.4008176225028532 1.79220329580188 0.6686580750596312
3.754870761263987 2.3408526785851085 6.692249731320738 1.474470790663024 1.4157148798885442
7.332260242589987 0.14784556323253756 7.2603607296769965 1.5737448327823234 0.5247737700133239
2.2234694467076856 1.258560630036266 1.4641685581486144 1.60437741297291 0.9315934301728546
6.712405760559188 0.9193468345656783 3.1974215825262107 2.551592319519197 0.9745734923491003
5.753261892920026 1.7964516234268588 1.277189123285686 1.5084751033118597 0.7752383664257281
3.6473665706707323 2.5452322346869263 6.651925689680682 1.3751729187606725 0.9758019493929262
6.905747922669469 1.8421212190709977 2.2632667338347927 1.684894406228373 0.5444512859920662
8.570275410894132 2.7566298561943334 5.519047303625994 2.0440873914498683 0.6941312818910167
7.6009116233549605 0.5954998925552161 1.2673934758602594 1.5974627623565008 1.0955683223088828
0.8384241164844459 2.6044738573228154 1.4255084590965075 1.7817949661388415 1.1930566832958442
7.296787750659613 0.9595098105477146 3.3449482627584812 2.665763418829654 1.4234608498545513
1.5858135440763277 1.5486770151666054 7.040342576980238 2.0222095358872614 1.1504293423997842
6.498438115523775 1.5995108336535298 7.6537407565171565 0.4852126896452865 1.3058526977310911
5.827730930871033 2.045795620019938 6.798712543632366 1.485729675304152 1.1522083911820258
0.938479375720396 1.8238274748575276 0.8015743956476482 1.5082444257210204 0.9101612616163905
8.966788461034913 2.9815213166275134 0.7384983123905253 2.3984480442901805 0.84654013908186
2.7605103203779864 2.8415972316621185 0.27818954506325155 2.5272918305144385 0.9434050279465926
7.671493033370854 0.9190648255162543 5.952321375050446 1.7403225108566558 1.5971855725525084
6.385365721920332 1.2149191638334926 6.66247781960871 2.0743038067737967 0.6064549779163437
1.380889036427096 1.4664856770311958 5.922781220611974 2.12500169769307 0.5930841566797891
0.7662588424643293 2.482682377994569 0.550137693147914 2.439844753744965 1.1654300939634559
2.9496667046487537 1.709862747886383 6.661313997850623 1.6158844020575498 1.3804918068246756
1.32477574755387 1.6974422259417055 0.36788458275396746 2.5412070106228275 0.42919043749899016
0.7648510523582248 2.2397255496450605 0.27687684750107755 2.1532358552450948 0.6402296682219989
0.41545075229885375 2.6235249684783652 1.1459553430774239 1.855119337836593 1.3331578097915031
6.688234492878713 1.5169588935340503 1.3742911851301487 1.9550833749541443 0.8305005752317217
8.830591666087685 2.910270679237444 0.22419042267708217 2.2208914123043764 0.7332420884145008
5.789772593316996 1.8756124346286516 7.004053383310375 1.268290605496849 1.014090498035339
6.639342420433135 1.306683686523991 7.104366389464784 1.5678996752702126 0.7035740950407069
3.651813990449257 2.4896737314229944 6.8064681287535524 1.2479646124295571 1.4297250575237874
9.053474309462645 2.7888704724818223 6.456142948947177 1.5096156493352957 0.8634281058495556
6.656343972742681 1.409756662010107 1.1730257817882168 1.4529312336236706 0.4871217053048721
7.632460500251149 1.7537276575507337 1.3941368739351385 1.5682848887501755 1.504547498272889
0.9129704302982471 1.8341629282439595 1.093463857280769 1.4269052886089864 0.44990088635080233
1.2717113856916344 1.5006842029437792 3.457723557920777 2.613106517356975 1.2110306968823348
7.583879511169092 1.5738377246515212 7.398384486937718 1.7091221087883761 0.48743073894154276
3.3384241232732195 2.803286238681942 7.041463498691378 1.7149327636781182 0.8776157407963576
7.01511250705701 1.3693258226577996 0.8953394401967589 2.312668783561756 0.5794415927902794
1.048433139562679 1.926321708806116 1.3675151567194943 1.995465320415327 0.8475430002802388
8.83933462482502 2.956050673838016 0.7801462245724562 2.041377879937367 1.3804138479946304
5.180466830441795 1.8152847021204406 6.980692814581681 1.8005761210043105 0.9932760832657306
3.9613720432839608 2.539608964909162 1.0502982440113628 1.4436711902833002 1.02663900674998
5.255925979913104 2.013349707346158 7.9891383263660645 0.3048357145769488 1.0735042069156677
6.924337248443281 1.3907059109607578 7.346523545955375 1.1746294008102838 1.4498453490635863
1.0402819684576217 1.8771259945334238 6.588229144400712 1.780991967322762 1.0898120647701064
8.86543782888694 2.3177930818953745 3.3987773755469854 2.2474705796112393 0.7562916788282037
0.2948425213570155 2.67992613948773 7.731085109832213 0.9709811315171927 1.0967351691710256
7.387785699588651 1.0104815495285544 1.3823573441353871 1.501276192020444 1.5130148627161395
5.847200311042324 1.634553772725058 7.6352605902210255 1.055753769942376 0.8959563705150198
2.5216487364251194 1.806255483815782 6.339155433216949 1.3801526486933247 0.46767998293661506
1.4956428722356576 1.4405663584986206 1.2629581054925998 1.7728161676460186 0.47841684415019736
3.698802399058274 2.400475272212469 1.1101239556079816 2.391298781842887 1.2055541738352962
6.692810187949007 1.5447485509675198 6.5853843601294715 1.2500909548060473 0.7869915857929826
8.94662442943417 2.875428615541462 1.0647373925530488 1.4011848146409707 1.1064895848033427
6.947283823522333 1.4355000473326516 7.666806183661045 0.7093465822222531 1.338748229956154
1.054372871965807 1.5823262019063957 0.9716152307333565 1.5175686220215046 0.5223288552474386
8.784724467103528 3.2350733552880406 7.725296548743328 1.199341070530981 1.2223636014541956
0.9068962409527063 2.4891739109996642 6.757467653949655 0.98668851081672 1.025758620278738
8.894327718560982 3.120595294925997 6.938776223946294 2.021819935244735 0.8587269122114418
1.3863177099650539 1.8471317901011028 2.01624291357857 1.580140868525699 1.411236313334559
9.362530941456162 3.271175189970029 1.161347830038257 2.075178822304683 1.3613929238007458
6.892237511980144 1.2944229631784552 7.220357269781277 0.5367740371878775 1.26189327366662
1.3584087415503288 1.5047214420932153 7.383719459383749 1.656137859080936 0.5525019726638294
7.180164453106562 1.9212559756537178 6.711318338213632 1.7510258730699713 1.6078667277947547
6.539795387467922 1.6616049456904656 5.614336291457802 2.1374625813806674 1.1272007110172355
7.136438781752307 0.7148260121758077 7.609402893442811 1.340946757924094 1.312259735973453
7.168324595014412 1.400334004330575 1.109379806124686 1.488650739907433 1.0894073796158843
6.7763812992835195 1.5296765172802385 0.7714947302743828 2.2183140370707055 0.8656984697491442
3.609822016064025 2.9734097323288307 7.3491424656523545 1.3885193659894748 0.8190727767408599
8.492228033542572 2.2353565258342605 6.755434694925367 1.5456750934724268 1.0555548877094205
6.701656494965099 1.580525606160951 1.4933864096234586 1.826673647624574 1.2073447623588645
5.755556101702845 1.578666493914791 0.9764166280356903 2.0236767495155363 1.6010756725984345
3.4112355115912125 2.6120392188565353 7.166952993613516 1.6348928299799164 0.43829468950457184
1.3768167562266054 1.5230636964040716 1.194796713016838 1.9050767133070152 1.376151996206166
7.125379889791635 0.3699743510483373 2.427475998097684 2.0404902712040727 0.8687167572187515
7.852791802978685 0.3308105268852696 7.230476468268351 0.637205053892667 0.8665359036795809
1.136703504175481 1.8977855343485182 7.503663434328446 1.077361907981457 1.5338688594472334
2.169395355621219 1.5797400256172853 1.0710586332324599 1.6280148481687697 0.6974385757777375
0.7192674310239028 2.1422853028348467 9.158956747915482 2.7901862404389752 0.7500371671776762
7.681792131353063 0.8690132332356435 0.3004967308679052 2.2921255288868307 1.3694639013100383
7.069138975626459 1.2882435883327354 3.620721177005272 2.145212071312509 1.6045441649241203
7.393873224883169 1.5283302044830436 1.0262818886811882 1.6196739628180157 0.9727435422667392
6.389880303819554 1.0515881989617029 7.126732802659803 0.9222948944260487 0.5695851309312758
7.193089292897299 1.6153493102941174 3.254577763195023 2.648162760622319 1.4449262632412214
6.852840931137578 1.775981594650258 7.318029273469598 1.7433383851535242 1.5641907930424848
0.8562657367866782 2.7879011033662957 7.6084227766358605 0.6989423374299597 1.1541811088614027
0.9273167952788588 1.8467677091069818 1.3709542327955948 1.8949680230382702 0.8602947005094832
5.885286937049871 2.173605048035582 6.281251794856381 1.8766825158519937 1.606881305583736
7.379938997671303 1.0514201086912844 8.769181794272995 2.846832538438663 1.394608360206413
1.1279409220732433 1.4768275765445462 0.7485801195147176 2.7060311369659633 1.1800077492426342
6.681085348126534 1.8183906807795254 3.589276733400306 2.5652419914022238 1.0753086711255369
8.90046429468199 2.8090727444749515 7.503229318959495 1.0217030764103474 0.5952912656613741
2.324722566311114 1.664588745784003 7.069227710549463 1.9612340856289106 0.8618381810042749
7.003170183628525 2.00153192592412 3.705463850998302 2.5611602697674387 0.5846346595863533
1.052631225377933 1.4321240661044443 3.967174589767164 2.788514631407635 1.609692769942335
9.256864752150824 2.729285013998936 0.457746224073566 2.7788351213249576 0.8863144925627066
7.137036197614301 1.7285966306773124 7.176721343328464 1.9250957554665364 0.6852007280947423
6.691549677534578 1.711977559616086 7.467534904352432 0.4049585307575665 1.4639799828118025
5.100051813047532 1.9379588755028383 6.703084856282606 1.7383870240007906 0.8801314847517334
1.3851342193077707 1.4837243489406693 0.23108232981704757 2.491324206450932 0.7502855684294891
7.507599629958096 0.8882665706722923 1.1284894941792005 1.3246451964159442 0.6608208956815675
6.456341695458406 1.8093299889565275 7.53840048854289 0.7792132904622258 0.9058172713562976
3.604512104529426 2.4467303873932393 7.7058275468482424 0.24277689879113362 1.2868742933226716
1.5260521054825475 2.0515834050144894 2.196646214255159 2.278958923733057 0.5075678519377527
9.305518166171604 3.1732884116786146 2.6026777135631467 1.7725277589343225 1.3702214361792475
0.8950116283205101 1.8052927745825098 1.2390768368915004 1.8811980055689173 1.556887513151555
2.667839626724753 2.709395006743527 3.2332152942382324 2.5137596765853103 0.8594832967800178
1.2608443717265707 1.7391064193642598 1.772177132403172 1.4456916025781523 1.3605264483930803
2.524540718626705 1.4342059621253052 0.3672594857667991 2.068403210797558 0.5961241043422895
0.5478386684369745 2.286356861056043 7.159897513131045 1.5081539783902413 1.511816265574866
7.321719808961631 1.7614417311665873 0.4589087571521073 2.455511381412306 1.4939020920623298
6.2293144656858255 2.2874972380203324 3.276921590593573 2.6948690840252154 0.6727154682810401
0.7891121762490677 2.1355824558502756 5.236978866563258 1.7836820316616704 0.6984833570679055
7.686694915781983 0.8338813102988599 6.800867652172751 1.615597972449259 1.20743173664665
5.76022465401728 2.1406651287692613 7.55211799420054 0.6653217593685555 0.5731363540390261
7.338449735785019 1.646953434508939 7.240480339903958 1.347843488777777 0.6140711385950401
9.261583267757475 3.266485783915264 0.45877757033227096 2.4628779727661785 0.7135437990124072
7.103892443892891 1.5210719794549148 7.059519503169737 1.3896124477618286 0.9186068939377958
0.7945293199941409 2.5797810123653653 1.4601894278536418 1.522136814459864 0.6132607833290886
1.218260970764646 1.5360840665030575 7.7285887348351565 1.3275219740296105 0.5820641108232477
6.576659021722788 1.6207069032771384 0.41709569356558446 2.258625867763004 1.381512120025555
9.189234199236045 3.178595652140303 7.250399073416901 2.025726336382241 1.3744055587642605
8.778978088129023 2.8421144947447785 7.999482645995941 0.4662262633470832 0.4145340246006765
7.8286219052971715 0.7107026824862454 5.74669657172476 1.995910931034033 0.7386109425284022
1.1516209969686901 1.845833020593061 0.8793949282911317 1.861756526652798 0.6391460114315521
6.839164410917304 1.4053679258595917 1.3116362402403345 1.90177669311018 1.2220415613329758
5.2022152516212365 1.6484001938961377 1.0908468322691405 1.8609239982722832 1.1501701008777705
7.18577382699667 1.90236083364224 6.92061051056838 1.427468773705823 0.508110928396406
0.750162126004707 2.241842462010614 0.916843817001898 1.8220410263776785 0.6113338591098082
7.386392647681692 0.898758287146244 7.1308874858007805 1.1672501093229442 1.4169342382105035
6.93726858431731 2.053622241686838 0.8475738374880192 2.0121397355994217 0.45898887792030324
3.61809582546686 2.7956557710871834 0.8904485891258658 1.9861384585939845 1.4520156895634453
7.366617040439942 0.6556603760384708 0.8568474905436599 2.4388023968768917 1.3948404595013335
1.343973345558985 1.9621754993406302 8.709774420332593 2.438368999384921 1.0671719316295694
7.243835732096514 1.5113579101973655 7.47855945226105 0.9692646630101873 1.1857135118236048
3.7211703764362953 2.849190383163914 6.73364407818798 1.7465690852623585 1.4730772994713772
6.655722208481361 1.5006635999296916 7.2729516050926 0.8513837675157738 1.406795186436664
6.95342140351613 1.0658014367875706 1.5384942743146537 1.6182251847530018 0.5556572443069664
7.455722390405366 1.041410050959528 7.072055448217516 1.2573840498255302 1.0636300893744763
0.3662036256349653 2.549544226755656 1.2156363842844493 1.9933541323337078 1.3973042218038092
1.5366304182116766 1.4767014713831528 6.955234328988919 1.8861059037415588 0.9930385541410287
0.6968369692200879 2.2129689077845915 8.88922403264292 3.1874724804998635 0.45202922806397766
1.200862167345633 2.5727762718473857 6.415129641185342 1.45738697641421 0.41101018435993314
9.17065459575841 3.135855564162735 0.8722033598664765 2.3317564637115686 1.164735103779455
7.8433026149492076 0.672230958032831 5.843031751770593 2.158794675070664 0.9788654463786621
0.9520797920073294 1.5267800554414976 9.305407913072589 2.6752445516521677 1.2945464751731313
7.061777907900333 1.408414711735273 7.739424737031469 -0.0013186967203097115 1.2056356883311898
0.36652124447102247 2.075084324588282 3.2894839452531395 2.297318981226228 1.601859832756144
5.215012792000523 1.9768765022155075 0.789051508230916 2.2681033297239606 1.1424733384075223
9.20783620174461 2.784877771432514 8.768776958162366 3.236448219248047 1.5473350218784756
0.44703239359791924 2.087413056040725 1.4893564250470892 1.5900565579841124 0.9204225019479453
7.751387391331237 0.9549726865112531 5.215725181986853 1.8236144296809027 1.1576953847710918
5.657630290503506 2.019822818400137 2.35825132525319 1.3580889025675824 1.3212156491151217
1.098037987869296 1.497222394083796 0.3681378514941768 2.1401263210334456 1.3209867883693738
7.538039520436816 0.5262145842108779 2.990117854788563 2.48998072452787 1.5717086973263232
0.5438312817388546 2.4014701479712093 0.7366575143848149 1.4940819445789952 0.9652769867353841
0.7029733111874231 2.2472051301057068 0.855279797243476 1.9703567503046224 0.9710379508146043
7.243230460710757 1.8070100397928626 5.461273303652178 2.028882077856638 1.2800004941935919
1.3208267565921497 1.5142272281915963 6.953557948747234 1.5028888387367745 0.9879861772842868
0.7812505464147153 2.2235779182573974 8.789896428681635 3.219879161567624 1.3030635627452336
0.7727105253883743 2.5420272220852307 7.242952214776132 1.4658245365206586 0.7830358787373992
9.331959100836476 2.7580790260530543 0.7619109890080195 2.6773815963674634 1.4606051147694088
3.7005248512761817 2.575239168586489 1.5970419847108266 1.960753500951649 1.3470676969893447
2.4517268893944655 1.4819488232587297 1.4582848534390933 1.7794668707112027 0.49696260041141804
1.3516870576222073 1.4445328063476197 7.088758775866416 1.6452085680496566 0.6124662119187286
7.08626928413696 1.3358175036817046 1.1260722544736845 1.9885401590871705 1.246280291493342
6.760138894948282 1.4887284655984947 7.504078518688997 0.9086275835505819 1.5687443954209408
2.247867244238438 1.4354450817370903 0.17204894579218688 2.237690106372604 0.9196022316821781
8.920334651112519 2.6849878033704564 6.7663396604890265 1.559514440982445 1.3153261012083208
0.7874844473772116 2.211465594542342 1.1373720625684172 1.3761308338933742 1.0449481968502807
7.10403366779407 0.4012827017850947 7.284222971355075 1.364313657345559 1.09554087599007
0.7402073260279487 1.455997730618427 7.354585082533393 1.0978004957990035 0.964107031003804
0.18881160349030301 2.091862074870831 6.953451974507367 1.54702697947089 1.2278644515678405
5.808259862106566 1.3450671476501488 1.109132948625383 2.6713440303607943 1.4939862202326504
7.451255797834119 0.9224581773852776 6.659107734480747 1.1781598784990865 0.6417292397590908
7.441152351737724 0.9594232913933096 0.8293188348256733 2.1735070384355035 0.5856100246666538
6.907426842833191 1.2749757902858603 7.4139499114718985 0.8900916329014484 0.6466081273512865
5.55583924422171 1.8463825947922456 1.1550777308725237 1.9655177537127702 0.46275078582654433
7.366846966658214 1.1354553427932155 7.316334609912589 1.054884498287009 0.9656698206390504
7.252779215507452 1.4997839899405951 0.5967978425316249 2.1175066223352914 1.265893984958887
7.738180839494676 0.8400777343577766 7.573918521404052 0.5445489919256272 0.9295457308398376
6.6498782407984764 1.7797828821160004 6.086810669053083 1.7791879443781164 0.8702062520523646
6.578867782892205 1.696454871129373 2.715524128632735 2.7098073795224407 1.4648399877155236
1.191796856641051 1.8821652647880716 6.325119089414482 1.7937337282577488 1.05844398400843
8.441858855698728 2.4448481422889894 6.371564877270616 1.9964457038044516 0.47936141592085246
7.274159911398334 1.201950633651699 6.85165164892091 1.3662823135790543 0.7880735347013713
1.1709014891315463 2.066526642416287 5.605945088197547 2.0300508366775714 0.5413853170427065
0.6375528837513437 2.653534753783363 1.299485815420395 1.8818764977328242 0.4186089502744486
2.40112290550022 1.7725299211504626 0.7917459641019425 2.3389426152220736 0.8800525207331398
3.1569936387447233 2.464696563347664 6.722295094334609 1.6907561313746056 1.0188326756447996
1.0973067566053196 1.7664649761230118 5.054598639832037 1.8912158385355 0.5192419531939179
8.412483909886726 2.756143386815346 1.2642734563938243 1.6451531866855043 1.5951388474068982
1.1532248054638607 1.9965721704954429 0.7124021497911899 2.5953063673655876 1.382072951642995
0.5943692919296584 1.6095587451991589 9.051298080594993 2.7084794760485713 1.5251889658631808
0.8842719519302783 2.6651841667115233 1.3223782229999228 1.88797837941832 1.416079731535921
1.5793236807690332 1.1807902292015144 7.265961509386882 1.4237014997580693 0.6040888709636969
1.0058345438101328 1.9820311166918785 5.483070873165646 2.0561592760459315 1.493164446662085
1.5555942500569613 1.9716392559200697 6.973610344978235 1.53298291210864 0.7921222450106735
8.829368256838872 2.838760525883995 7.222277594184435 1.4770514905817531 0.7219057749022085
0.7146492112102139 2.16016495056829 7.095936512963373 2.0420466091758307 0.7098066632621406
7.837279051431852 1.0309124326624857 6.438709375285222 1.2654158068419696 1.3215454542696492
7.761313621827136 0.9189554795108683 6.730417947606616 1.4772988704859684 0.9554982637692473
1.1487320857471555 1.6345644666255992 1.5450164478106492 1.29419039046756 0.9856250902464858
5.627706840874525 1.8477547739891653 7.013248152976283 1.76704690658777 0.7252697291914241
0.9653562795924322 2.5534936488173416 1.3787096639602976 1.9264132770593747 0.6452693710696046
2.451706513794956 1.4099641303468526 0.4235988681772041 2.2563294161640863 1.2922819618273913
0.8542863078652727 2.328896839038663 1.3174987863706566 1.5962086844032461 1.1729921255281655
0.9374069973442265 2.3967867952042057 8.828078606586478 2.418819333963444 0.5663367848991454
6.24804288589255 1.2745636074953361 7.712080623287231 0.95238877901955 0.7438180310450978
0.36034016030584376 2.6158592524166253 7.683912428578914 1.066735064756907 1.5633102641281316
7.189645855965455 1.506474387150705 8.311522569579424 2.7096499848211035 1.3775962837401148
0.5968117804749542 2.225227583107804 6.709262067042853 1.52134702465682 1.3289471977625957
1.371546836604356 1.8169207001505614 0.39272212227535985 2.604404366893995 1.1353886855246256
0.6730327109506684 2.676452514713615 9.30850119273437 3.1961748359713504 1.5676282057586275
1.3543973983643505 1.9762624039058387 8.998967420928187 3.1886438100577474 0.9556679009365698
7.2620803661176545 0.8437806572747462 1.0708630571041748 1.8850238082622357 1.5693327833182906
0.5545373829097386 2.625896482216613 7.690319201541827 0.9677665048772809 1.3538567233541319
1.3963423547597402 1.5747223454640777 1.3087666896672907 1.9036343819384915 0.6527531942695086
5.744605099651655 1.481161360905786 0.3831861792015915 2.589212543378547 0.7750389684978093
7.726597220761781 1.2001782816530522 7.061935908467528 1.6987906412825335 1.5235795592618722
0.6314118426179942 2.0659472239958236 5.01833850501477 2.1712675174368665 0.8627389590503274
0.4342243026389661 2.2591109829550002 2.509086936038296 1.5288117489163084 0.5494929012862497
7.790395954168674 1.603903239095831 3.6172340686948132 2.9758652299830537 1.3335805303687611
0.21263868307188438 2.577168475955735 7.6416042875934505 0.8269399610489091 1.2705207753907515
6.349221145980136 0.9615328766058703 0.9942148064321001 2.150445647373905 0.9876490814444563
0.6596723110093552 2.9217158005148196 3.7295324127769485 2.6413750947904227 1.1915892363856486
6.6907181084853855 1.4429933030566116 6.537095036114969 1.4500801419929954 1.4333925311250508
3.6343840950255775 2.5924520295471605 2.0963675590156057 1.370792742470552 0.6334494745539456
0.35662559020195406 2.076801211326498 3.5103631571961524 2.4192826439697113 0.9655615816624834
0.32942932312550444 2.304213569926403 2.015164725337672 1.7394692339623796 0.845856130850426
1.0891018382168425 1.3922418494705402 6.3683595011523515 1.2616961450295525 1.4576191544814472
1.1025985865357157 1.9691315266612006 1.3413187019469486 1.400521736139443 1.425549279997956
1.4353213286630786 1.9058850122895055 7.227047263842988 1.319311389763198 0.6792162279104252
7.674354452458416 0.6787847414785244 2.434222537709412 1.3175665495904254 0.8024336024691792
6.430785119592503 1.6475580559587766 1.4390505618064104 1.8844573534825102 1.034078591594573
0.7287847255031811 1.9821609373771758 7.0504710621858395 1.5115087827371159 0.4458781936079234
0.37631045665589946 2.658453917403023 0.831352730124947 2.300257420574593 1.1783656166840444
0.2467531426701337 2.4817105443447627 6.687360849034297 1.2450102518528725 1.1616478630149454
1.9748292224499462 2.011132622770578 3.633900732727715 2.968285515853967 0.9212343172763229
7.338870527217025 1.9415895892184845 0.686159551541464 1.7403586651799139 1.278685363178401
7.371053246676703 0.9942894206310879 7.471554058746571 1.2380401633746734 0.9898362925964315
1.3786682530718668 1.5926170760888003 1.4378787429417688 1.635649818282681 0.928267028444687
1.3500743694813822 1.8463650090044768 0.25693980347819373 2.582855935060687 0.8268869833764674
5.43082247823216 1.4911404325728321 1.6329609308603055 1.4834802052611096 0.8639363564754446
7.611463845736546 1.5874828795944715 1.364706556437772 1.5154226330037368 0.6654191679619005
0.22802107516492237 2.7670023525820713 6.851015830079226 1.3966596752674636 0.5920555962174381
0.9056391696531407 1.5379314057961677 1.0428440827884575 1.5387975488154741 0.6236803873913783
2.242897846146908 1.1219087385047142 0.994105165761368 1.7181843333169948 0.9970501924485706
7.379559293854996 1.8539928535112806 2.424781001796336 1.8135537096042769 0.48849482901448527
7.154992318211073 0.8040940534117136 2.195297158044726 1.7966610963608827 0.8454554715071825
7.970071823217011 0.28764927790380435 0.6703913676874186 1.982573260731492 1.0429863899271643
0.8102782038574838 2.1674280311081513 7.496181400440395 0.08478468649371024 0.7660375434545093
7.493298704665453 1.8384615352223752 7.56421153158049 0.8665341394952849 1.4809511060827834
7.524977646494983 0.8139842754861082 5.690578426618759 2.137520545129002 1.538178579869484
7.120737891415955 2.059684631456019 3.170722336451935 2.504640483394026 1.2528061374353165
6.268681338133854 1.7657369140366665 0.9444043744408092 1.837583921742208 0.7011844389711387
0.41301399396867383 2.2471515125596904 0.28793869920277443 2.0865235922401277 0.5911481729462649
6.466036149275894 1.1974914800196694 1.2085209028549584 1.6626614416535572 0.8656924722251316
6.810387021219217 1.4390445838487176 0.6578825147820202 2.565655288094679 0.7427283157995842
1.2572938601003005 2.1228313988592697 3.7406302347897222 2.3526600721184794 1.2019442248098084
8.959484345906779 3.166303056861734 9.256209629795306 3.168128380104699 1.2229690322728413
7.0679473102140875 0.8355752083755372 7.4477543634617245 1.095014884119601 1.0753810194380717
0.875033845942397 1.4309100033566455 0.3012736532799887 2.6679977511728596 1.449744623188746
4.0719097476867345 3.03620515639673 1.3024894133896483 1.5774111120258705 1.3469740499494087
7.739431620038404 0.1769735672046105 7.26831114917767 1.2981422713474302 1.2251312707636213
0.9404105366878193 1.8417516962700988 7.663678447302911 1.1761995565717105 0.5668359429719216
7.243375254098727 1.99739249681755 7.437671047520855 1.5743343306124602 1.305612516013705
7.9074696128448 0.5793302204098341 0.1993867119771917 2.4683358672465396 1.1600148675309039
1.4105053897421065 1.9544552404864213 7.250972393161469 1.8542790499847386 0.6898460224353753
7.581756336836187 1.3320466523468784 7.395060233875249 1.1075633734220642 1.4998778300414755
0.6999070106185727 2.0344506319561537 0.26837339584046127 2.618536392769624 1.4231398579520445
6.8545208613226025 2.0164149105144187 3.291792268759366 2.503043962279603 0.8765561831485387
6.396087610693218 1.323943174318879 1.3346577862987923 1.8309152392584243 1.0959165034019283
7.500087485158125 0.6999327459610123 0.5203415865264351 2.621170622582325 1.4832993732267123
7.620894758148219 1.0816640694557675 7.831687451024763 0.6181555665428049 0.8283817255241288
6.916269632323347 1.4086034173914943 7.2921583814285915 1.7400120970189663 0.7687917578757971
0.6635011800046637 2.1639878676254996 6.823894041835939 1.6479559892125817 0.43724621929117463
3.6787267355510553 2.4658734589763625 7.477957363365067 1.6618656544358597 0.9362074284264674
7.202221237995119 1.3027927455450257 5.795782087206699 1.9843940539128209 0.9959697340474107
7.37416685540495 0.6088928724551044 0.7370070593071567 2.5149323021985324 1.085698488931801
0.9834675003713802 2.680806499932399 0.41338658827174285 2.258603627594495 1.5672404234097106
6.960335476711332 1.0878414593338044 5.431559245009263 1.6669236875459614 0.7954450397688482
1.7101378792163235 1.4298577720981753 5.805499825657033 2.0903586160538996 1.3932665513986913
1.162481823561294 1.422321827869288 7.2201606060756065 0.8257649070282528 0.4639607510429356
8.451040843348956 2.7700555160126803 7.381649783187765 1.6114533044983936 0.5807265621534277
9.317567374752127 3.3203035429027006 0.4295040313560099 2.422085662356456 1.5023864468714134
6.486539857126889 1.4764658409116662 7.109967276464274 1.8215809572709654 0.735311226896022
0.9662214997263383 1.811266350840409 1.1261294227951966 1.961768178982803 0.5344314258067694
7.86885841312617 0.826633366242483 0.3245455102741046 2.2676374800703267 1.5493695576049205
1.4030494089409562 1.798966390574766 7.122847639570239 1.6089142517461787 0.4366481291069277
1.1186659703451087 2.302691557573989 7.505147611423666 0.7808832339729802 0.5770756843641573
3.2149337990428486 2.845383703904669 6.630909810221363 0.985814866023597 1.1967500412097039
5.249346754202542 2.3092638100769682 0.7119107615728643 2.140905544273608 1.5116483244369596
0.844602519300921 2.6388513715516866 1.2965460790156782 1.4092887480224805 0.9946651686143211
7.3275249800704385 1.873678449213853 7.193866511532001 1.7361774722285175 0.5323993975404298
1.2688620913271116 1.6337940031815539 7.136176796370741 1.9215326957101415 1.497073313992145
6.640621386462557 1.2623412173542456 6.833302953637618 1.8641968637147819 1.4600266792234495
8.244005837806757 2.649483546487728 0.6368084299108725 2.1473283177417404 0.8274316750187414
3.0149468506524886 2.1435653118108324 3.960868254780304 2.6740460061272877 1.0124199777496483
5.64282315172264 1.8670363191331816 5.361109031122745 1.4339643432822442 0.45738699187355514
8.806465907854323 2.7128881499076902 9.239403900364401 3.1816837847489836 1.5678070950257932
2.4410812109532385 1.565664780793027 7.5423733793165315 1.2602178170878928 0.9663764072097494
6.392768596211926 0.9217467820865701 6.631024923995762 1.7748753773498258 0.5297209114551982
0.585321657775321 2.486936252635554 2.1285771987372426 1.5384057423634077 1.2328646180793832
6.777878800728788 1.5236367701831393 3.5020936636626803 2.632314832924199 0.9620976239500583
1.3222555351710037 1.7191637755333873 7.689350951189255 0.6230363401137817 1.2362552598487913
0.8719323270703854 2.0926706472347587 0.19506155789645463 2.267813825640581 1.4296756220664197
7.331123120126139 1.7786301461957983 0.9722271695416845 2.0353449464727733 1.132465528933064
7.264872248163725 1.9193828927916239 0.8920569670039207 1.9892724602418863 1.4164776514346817
7.779438333297885 0.9950752226442772 6.36055506690625 1.9257118416583983 0.6416759634546967
3.5555392893431548 2.892631022274332 1.112329140251808 1.967524519347419 1.1448989680376942
0.8929602706064643 2.6236699820051865 0.36504749399319314 2.6496919173154514 1.2870423369867523
9.066659266248388 3.2398930386807776 1.0027330256012033 1.597453363821686 0.43751245452437465
0.44314804164833554 2.599127020722179 6.963129433262602 1.4831984286868574 0.8836353186927142
3.2405091611770658 2.902571745236452 0.7274426894552095 2.0923093571713416 0.5017548774217648
7.309745606312211 1.5576851378151915 0.8229798548897408 2.217446733272431 1.3889210927545947
0.29576484295980165 2.2532925213475856 7.953647049055633 0.18882007486766417 0.7081586852512427
7.43785810695163 0.7372683947003595 5.363932442153967 1.7960807139277544 1.019428710827227
7.187484704031567 1.6597632872511165 5.262479526076556 2.252588495790631 0.8051824164494317
1.4168691787567567 1.3787869423348202 8.772423491343691 2.720489636624141 0.94935192528367
6.769055135485493 1.7079785101441423 9.25664688261329 3.2831978463900295 0.5023808116962407
0.8098660507916527 2.2622424520606876 7.394283706760415 0.5787692763422101 1.4818216280494803
4.161856768339234 2.518980751274253 8.403711673126077 2.8117120998277203 0.983862051709981
6.6576825933147274 1.6761431571503331 6.139271985584245 2.178357280761589 1.2039868427192315
3.604017467878482 2.8398710056341137 6.211391064326115 1.2535598818903975 1.3903357646839059
0.663887052597792 2.5630099491719376 5.886224732583172 1.9642889997428474 1.1983015656167482
6.4549345567991665 1.4740969750938566 1.4275778502590222 1.3816249306178552 0.8088083664271855
1.425330713625496 1.559053916271826 2.5783379946487446 2.299990601114473 0.8981921176227038
6.628680406331142 1.5756939239645846 0.6980258207442196 2.1808051341732226 0.7944735681579943
7.272577884566645 0.8620593124171426 5.850130760679061 1.5707021245780328 0.7525171628331585
6.661289224210959 1.5269662495307008 7.458931729241055 0.40408826629254824 1.2814220269089225
3.218964470803528 2.9563885465017794 5.3694742409501455 1.8662618029083786 0.564797753383028
7.763949251233991 0.4363238383353704 0.8196894215520791 2.0936725941589462 1.4063646254848376
5.821484199746037 1.638633826569595 0.7383741207171575 2.607669636491889 1.06336731838813
1.3785555559500509 1.970769274426688 0.604060319114859 2.274226991992766 0.4799890569091839
0.7564793265119637 2.259105821585649 7.426564016701183 1.57501083943337 1.4333942475975552
0.7759606750371439 2.4175981270574685 0.3629991159720376 2.3950382469024873 0.7864321312909813
0.7254766675445297 2.5425176618833265 5.459376002288311 2.0459896877790076 0.647775497671191
6.967208660279395 1.2581881977771903 1.0291735378563442 1.8933844177664563 1.3184221688254703
8.031790028596912 2.4082839424230866 3.37597210760525 2.3282533760969972 0.5830125612431721
7.224839118092012 1.3524095853429778 1.084923033416587 1.9175788069603847 0.8377802123952427
0.25668309040021536 2.501742873616774 0.9985137494519598 1.5028979384260042 0.6111973149378382
6.716758736547989 1.734257420942627 5.457827349925692 1.7965852730529304 1.183217664813943
3.5591709039370576 2.9925700967102014 6.990358572723735 1.3500481066027217 0.5618892539878073
6.265297558678593 1.6419893687400862 1.0772857705449008 1.394470436892599 1.4551106163013554
6.835693407176428 1.903469167470641 0.638235623328528 3.2147824383200407 0.9656122236956022
7.4776871164492835 0.6405799705648969 0.7023486954505479 2.2837477728884203 0.49329157499210213
3.3267750344956752 2.5343491904173274 9.015315652986205 2.877964937973684 1.4117516935208527
7.384623508204142 1.207489352569138 6.910251882674069 0.8258638010573536 0.420676889800475
1.5015205437381796 1.7492558106621083 3.7128846620341385 2.8465706553771017 0.9332523695225181
6.769375752443341 1.3167250828245476 7.302971655337171 0.6143547941341307 1.2168766026073432
0.7537904927498101 2.1768545069425 7.798083814411738 0.6309741971477889 0.7603178776457422
9.205287425413369 2.765801133934314 0.3371734124475869 2.950131318153027 0.8137587193735889
7.852844645660195 0.6363498592097745 1.0583966350568117 2.42028752417421 1.0694398731544794
0.7827896108234094 2.259514105890581 0.9912367889303962 1.5717280757622816 0.8407596237711845
2.556882103434469 1.6700989688625631 6.997094578680884 1.5845228362985595 0.6228082890450943
2.872690768607924 2.4036719009729746 0.4878585018974423 2.3728467206111565 1.1844894422155825
0.21346691464090384 2.5391987652036274 6.608734497859519 1.8682003470128983 0.5259779101467614
1.3273575561479063 1.4789737769493785 5.368706375339207 1.8989903208106516 0.8519733876762208
2.034065133039201 2.0498469634129783 7.785857229902969 0.927681182531401 1.4760520545911482
1.27401431187403 1.3893406280826626 3.173656221668478 2.5741230246686966 0.6023494482443426
6.999028981726738 0.9223163994865734 7.002357559758637 1.8857382301982917 0.9696324160548715
7.251280300744008 1.544620567856666 0.7038643168633969 1.992057783232718 0.8795551660000545
1.5863991234643517 1.639953527606929 6.933159928616509 1.2426069455009972 0.4557939299270947
0.9048958238578608 1.578889388985285 7.261896816411095 1.866986492148662 0.5083197723599346
0.34273916032952806 2.523204824536468 1.1430109354629587 1.1685250558679467 1.1209611134534783
7.165574963603824 1.0296164735590057 0.6921623581421104 2.07367811071616 1.2117541155393994
5.1285555735366195 1.9902945025171153 7.081981778289724 1.7011524096744417 0.7654954743671941
0.421249942764946 2.1242482301225 0.4262520865797963 2.1693351194461967 1.4902244834519058
1.0147068249187976 2.0293255920653612 5.913354095583603 1.9676359848634677 1.3816846958181932
0.4359419997227649 2.1288447724641864 6.5074725710974395 1.4588773336228473 1.3363980145982006
8.838953080873173 2.884813314957582 1.4949738467646132 1.9226170307122703 1.4469738864252348
1.380959928047194 1.866111175748959 0.4088463855958746 2.655512778773144 1.5262215971922322
0.9375079259098673 2.0721705435774185 0.9606911773797736 1.55068425366086 0.5319289481997065
6.855675716057546 1.2477701480314283 6.957490249536958 1.5869443474372669 0.7647579538162554
0.5743685705048484 2.142836016356768 1.221059353089846 1.9009146453236132 1.1821940690757844
7.249795267982895 1.2447125347836396 7.5641785003087945 1.8207275103608884 1.1224649461720333
1.008813763249007 2.72515102504638 1.108852596254833 1.7592766299012452 1.6041694552094432
0.22660354280574319 3.0253297399768595 0.9213595674668552 1.9952530063106482 0.4339794807564565
5.698980411554847 1.4344773500176111 3.4510747403105766 2.644887897576408 0.41058003625394657
6.844284280857319 0.9509770688308655 6.753127781982804 1.8522971512083293 0.933705486830106
9.287824691118958 2.970243284817293 5.607398204465436 2.0446942225433733 1.4912189008864989
6.3690038569907905 1.337625674286011 1.9937039248063109 1.7928674692923663 1.246162929887788
1.3166926705428177 1.4906401660923212 0.7608795686747025 2.552791296557971 0.4481760263130454
0.5992446328169487 2.4903823965925564 5.38778801769659 1.4732837390660034 1.0334444372250595
7.667576053989109 0.5312711929548163 8.143988686601043 2.781795367214907 1.171735741836819
3.6730174078748177 2.465779020800104 7.469222688982427 1.180166664184015 1.0939981441118407
7.272521587052726 1.4499143075991305 7.795511387058646 1.0220775726443785 1.5223249960016607
7.096625861953112 0.40869581492838525 3.6653784731931007 2.360704797626322 1.2255822350817942
0.671496971553826 2.5556221081150685 8.710596671900795 2.7959036978783978 1.0770286175094765
7.070304995222415 1.8562202159106342 7.638366968156249 1.778773485637069 1.0651552650831977
0.5130450361480234 2.335259360462735 1.0193805657895914 1.5280268050874521 1.2517820295425324
1.2382352445684612 1.4068102177819188 6.670401757411969 1.5435643710260485 1.5721769359393931
8.401954089324114 2.34940748770414 7.714095488327341 1.4430315803235156 1.5052221836433466
7.364691973593099 0.9512577675365417 7.001016351364763 1.2780090078543402 1.5986365997406398
0.569143320980714 1.6964980124780298 8.216197481331083 2.308938690697427 1.198108389563642
1.4532895965070334 1.8303390764732574 0.9816068454734113 1.6411116106339385 0.9769661370476521
0.6125859495445836 2.905620368807801 6.744071894136164 0.8664762779205368 1.0149500660815582
7.211960024346639 1.490389712618844 6.957849466087315 2.027585617379276 1.606407895324142
6.63675271592472 2.042923599878338 6.656183380295751 1.280355328976507 1.1241134617498914
0.6847391114022114 2.3594694097929905 3.6596523786384947 2.8101883200102566 0.48616740032699823
1.094753320836499 1.8949080561710883 8.6949616485512 2.598630752492193 1.1762925380538922
7.070532101530207 2.0927785139547246 7.200322244666769 1.2105029410891783 1.2649039562340827
6.977785499936379 0.9040869705611919 6.030192031000666 1.9038184520341273 1.566039119400713
1.4321979919342487 1.6330119563047916 6.7685787308672545 1.591485368001087 0.8734918236434812
1.1587934184103685 1.4974047072436305 7.116489772136386 1.8572767876956995 1.1498288653959676
5.852166695184021 1.5707542999899653 1.036932375667981 1.9107394685471901 0.4339870274932822
7.246418376198797 1.4287948804479793 0.9743054920088094 1.722526634334134 1.607513486659724
7.004115839811165 1.9088315780361245 7.74831508133185 1.1903101568763033 0.8494008865155168
1.3912510210748188 1.4470600251688595 6.953200996076772 2.0796772224315085 1.410641993827039
6.584703523727704 1.8061812464239486 3.2257040432253374 2.456487405785408 1.5713654213077244
0.2771219175406262 2.6866565993884763 0.6747395653753148 2.916147799078751 1.481119316797551
1.1174568138333552 1.5641824005940295 0.6583474765425545 2.3244801829320734 1.0108526709687429
6.712917320975179 1.68980785488996 6.392530169407739 1.2960282289339973 1.3790215143292608
0.4440563165969318 2.7160565979712787 5.912737796029 1.7549876707170398 0.43222863312983295
3.700870159749025 2.5073120265056 5.051507511425766 2.2027754058543256 0.6662603978078458
3.1274765599016696 2.885336188392208 0.4534730537764401 2.3954157167434444 0.7479543903075649
1.104006183926688 1.4716497851765133 1.4120371573661425 1.5087883485255789 1.5530975151999662
8.865407361749934 3.0359797038960386 9.173714331739998 3.169952578647379 1.4191287271129043
0.25796677795232154 2.0705162462333395 3.234482202502862 2.860885301524056 0.5601088373795281
5.848482991976167 2.1386714807665124 1.2771977779792516 1.8525488171864604 0.5067381314590748
6.938200552740206 1.4241353315255434 5.497318374402751 2.2413811192265203 1.4898782986873604
0.16740571925649628 2.163823697746847 1.2465566765589182 1.9217483276119385 0.7329213689596479
8.759489077155552 2.801594058299382 0.9091908609325464 1.6500683279712047 1.4457367772956007
1.6303204158182156 1.9447856537367176 7.336952707461437 1.327817900625065 1.2619080590516152
0.2742401746609641 2.0681596611245787 7.4905485535522995 0.8971387129688484 1.1362916383271733
7.035777339830885 1.5204201149637586 1.203187917981877 1.5511393597209358 0.7923394884701904
7.649046315605217 0.6158379964586924 2.8499851686670934 2.6737921929798594 0.4858183076226138
5.815700449650373 1.7605875062348408 1.3530713525178462 1.929624087240072 1.0380284534530573
3.290324843211664 2.3694733581979595 1.3813363642828134 1.5728508895486293 1.0521757702951573
3.1434679722160417 1.9732384144832715 5.381197987413863 1.510435583832353 0.7431620513633272
0.4627253491134376 2.5079925375779846 1.4247446362828313 1.8299079684902047 1.3795213068939896
0.7539650765812907 2.6284074638577453 7.52727220756468 0.6121391193563219 0.7855918978747776
6.163089196599569 1.2989711985952745 0.9978462884510837 1.4689923696064735 0.879888506646332
7.9458795805642835 0.6518046801817705 7.65792927242523 0.946277931960471 0.9694067654898899
0.8385535995746131 1.9113728497050997 0.7673788458884663 2.07083644997723 0.6051924117845977
0.907032806986963 1.6188735579844542 8.373139427598081 2.8232670529612567 1.2623130474004667
9.214374766792568 2.9550195049197763 0.37677495088199364 2.6973221690888414 0.5601726904852654
7.785576351358213 0.8874751093742783 0.7273570640549594 2.547097712792569 1.3976187260717816
7.697799343993785 1.2910831468231154 6.999436714337458 1.263643885449787 0.4798223703518609
0.7084601866040773 2.2121131758983945 7.628319507128503 0.8110688588556622 0.7202977661686744
9.176612823251592 2.7161561581537996 0.6620180691731972 2.1112276019386735 0.9566536364305138
2.0088307515280706 2.0592375459531964 1.0737651980057574 1.8427840517773475 0.7109796709951404
0.9701592149245818 1.3839320535793094 7.363174897891259 1.8854334776681347 1.5297497579025392
7.168043779382367 1.4345018179677547 1.4046139490584548 2.059009497196917 1.3676670447853063
7.185560787267568 0.8774961928255327 6.798996464393844 1.5629379672620547 0.6211813481482247
0.8394847818066917 2.2827337337942253 7.159335341514137 1.5837066361002878 1.4948019134833186
7.0420957632379855 1.269305435972669 6.9087482508753855 0.8514798637805268 1.090174696614277
7.787552157630668 0.6595241185188088 0.6053012595253692 2.5234293311524656 0.6555457925499281
6.514188365951754 1.2414334255527038 8.060957674196512 2.7461806300243055 0.5334088878265782
3.240004920797835 2.9780319930915917 1.5160207743464411 1.9576463671646782 1.1174659930715016
7.529601813530125 0.39695610381474394 2.4785944511989353 1.4186443386721441 0.8259524708301452
6.911496714345637 1.7818691001121127 0.6583777689189556 2.0112239075120204 1.4985194458323534
0.4206865037479801 2.8820967782618996 0.4636623712492694 2.4381731634003394 0.7343618276855184
6.1124812647025015 1.82118260557163 0.31307916267850205 2.655138065213671 1.1298337341705145
1.295612078703585 1.4730150349799063 1.6242293958904925 1.3203806134807685 0.5051667576199894
0.903615057655496 1.826652055071436 7.742427808735768 0.9779432405333403 1.5674306819631512
0.7972863995450132 1.85487461695574 6.920851241550077 1.8865713132887059 0.8311127822046654
6.546999253645958 1.6946101259693782 6.229273078383981 1.6350627497907602 0.8243627607454073
9.222708974051463 2.8410259212306173 7.490433252936372 1.7398948599075315 0.7841432313176921
7.068372133600967 1.8007385286619828 1.3228687548072833 1.9174878030072664 1.368697676762797
7.462514851816331 1.8985364088915022 7.255910978746326 1.2842877375426633 0.44021621322107046
7.74712203219017 0.4633652280141192 0.5961955392159733 2.624375554388013 1.1070274342516446
8.942554833367197 3.2048157802740764 1.1645617623591953 1.5670026309862435 0.9444078425901039
0.8328806707766092 2.751980762157255 0.9984163195045362 1.8165444754729263 1.1664912735959432
0.8085604910433468 2.098773134279899 0.04875750343676355 2.6691670055889416 0.5511414252108989
0.7068414690745686 2.074603271727918 7.455075024657806 0.6508809287160684 1.3643197354147194
0.8744615976526113 1.876992529254293 0.5248370778481182 2.416367254788507 0.41664696895451603
0.8556528342222152 1.5149559838762454 7.094836673911 0.9806760554132388 1.0332213441257354
2.929992679731911 2.803335029572568 0.911914957927405 1.8803102944569854 1.2667788554181643
0.7865616661058519 1.993800662735136 6.903496499969273 1.774568504083423 0.6752090123174255
0.7774926538594429 1.9828628491551517 7.136622540443459 1.0898979236949844 0.7185742089141695
1.461856246982812 1.4128462124766052 9.313108397144786 2.892372273703132 1.5053205998805528
5.531379879909149 2.24689853270871 7.165988868242179 0.3652337208614781 0.9764152453224841
4.00711204413091 2.5164996179174968 0.836856046730421 2.4381104464661916 1.0621074873471117
3.579868499568708 2.3989610213522257 0.3714770412129297 2.218878962279054 0.5096120186434313
1.3075979201710781 1.8400981884081213 0.30836712427188684 2.724325137068139 1.4767357411935331
7.753400048182261 0.6607484767267351 0.6826425297844659 2.248977692047331 1.4598144524480365
7.133558219533388 0.8648847210842465 0.8380065305927167 2.120364578422655 1.413450239736171
0.48766802224773775 2.790836250690365 0.4070287155538288 2.545887618281834 0.6549468692477604
3.818736605224184 2.5919017354704903 7.107293384075066 1.6011035768689004 0.7855405388442137
0.1844433649356399 2.1764310467184087 1.5379835439346397 1.720468569210578 0.7061230968891445
1.0725145311089765 1.8314424059667878 6.867758381629349 1.5681637449095374 0.5779170122916286
0.28239952334319723 2.071182112886744 0.7999014573395248 2.408544318671363 1.4363278029056432
8.169970126282065 2.7136961612805215 0.2924961407866148 2.3863784341994356 0.8007941764951272
0.8697069872600547 1.8701724695793525 0.5043446676946906 2.633965298763058 0.8918940883726171
5.469200471417977 2.305385508971745 1.2485053589801827 1.8421204695909876 0.9432709000960726
6.32906802433958 1.6826557745682222 5.5695764235440155 1.3348939760844087 0.9713654239055352
0.7177707130027574 2.318953109627752 5.5503659079591765 1.5032997642714863 1.2698115368932839
6.859017345008643 1.4644300419951846 6.844343522770606 1.0353762804419273 0.6860759852089297
3.680719096336075 2.476400834746763 7.692550579164719 1.7900637378304947 1.5510470297103045
1.5422389661046776 1.3694347329000345 0.7066290320931905 2.991734319012446 1.5850138575634933
7.057330932220461 1.8217967016581613 6.4691775675047865 1.8705984351380698 0.5260112170157586
6.673137233740874 1.0788602638067535 6.967845487043444 1.5249793142130634 0.8976983453094025
1.0461198126628362 2.4242764505357304 6.737451982191352 1.9176395344493353 0.6970494655295819
0.5349443282828336 2.812585282807441 7.586365313547618 0.7564252753689097 0.5761370600610102
1.1609468298209231 1.8001696548439163 0.48971956678454276 2.2800580814877978 0.527377961018834
7.515155210855733 0.5996498821605978 9.194266046944819 2.762405749544707 1.3478066460471556
8.52432226742678 2.2598491202075532 1.7402249783831185 1.4070229584075635 0.9784379955460423
7.339138037389849 1.9579296964087662 7.886961053929781 0.6238252184855334 1.361553550339711
1.4424041395770304 1.9434776121254878 6.854357636705688 1.648895762097751 1.4246489683777566
7.51955651416929 0.48784537195797517 1.0556590633201934 1.7972592965087848 0.9261333025572165
1.7090633952006897 1.9814543122355102 7.278085506602675 0.49260783229889005 1.221622941264013
1.4737042140337924 1.362435201880667 7.660575756404061 0.9850751461368729 0.6043688997793907
0.6898909119384464 2.488232936250042 1.0985206425980425 1.4107032743777095 0.970514628275541
8.135960182274276 2.4505886354011013 7.332552801542379 0.8149663039840694 0.6721034572892025
1.284586837025909 1.9269452455093352 0.6982973743715051 2.1355756552202507 1.2143968143500274
7.546158248486672 1.0217596313718174 4.15192993062262 2.6190118189636213 0.8161010179700598
2.010956863511612 1.7637992192735856 1.001315484863078 1.7887402014377491 1.4033003036914442
7.7547789022175255 0.7019412842652685 0.01256100863498219 3.091860157022342 1.3078498165310681
0.36440801109099724 2.6231720413398256 1.6342373483585648 1.4480938799595615 1.1527023984604243
6.795743283560626 1.3497609365967642 6.806899639732254 1.6169388224777799 0.988180725840021
1.5524705145552022 1.2684950733225344 1.5105887077807307 1.639585143664735 1.5607892188125136
1.047796618276094 1.47530657861672 7.998215293647 0.5095821301962445 1.1320411823283014
0.4529247771203624 2.6065495948537123 0.5357404859306664 2.315390676434092 0.8802547004505314
3.295433222786449 2.7341220278913596 9.030744879675808 2.692123282715317 1.3613093526776183
3.3837375679443795 2.450442328025925 1.4328844278985378 1.5360375569019853 0.6760590784197655
0.2557618075256101 2.106695418419848 7.46792187250118 0.727370147644333 0.4461586280526701
7.57267481847065 0.2780257543520983 1.0518512560443811 2.0497456712079742 1.2228765903909353
7.5432986786431755 1.1910776961984388 7.966291628537828 0.06499437777634459 0.45184624572107074
5.76018594107368 1.6229055919575 8.42427573967262 2.7183251195155873 1.2080817200359195
1.5611671906100681 1.8241133900506026 0.4190832152704196 2.5178214639237764 0.7007100036893763
1.1364559940756873 1.7815875095422156 0.9919008310419148 2.5585477868249877 0.5044215995281802
3.4416202352060026 2.19307976144114 0.7756892145660816 2.394844942028272 0.7270144219382775
6.812246854561482 1.635058647919058 7.654043414899686 0.780506033600659 1.343979573809283
0.8134835705220567 1.50796338058878 0.6562804001970084 2.4866363983545776 1.0421006965544413
0.7242549373288655 2.2875179147266302 6.733657062995698 0.987019149198308 1.1705322466289148
5.24559682483402 1.928933389278499 1.52513424647 1.8918042025817805 0.5633428250652849
1.4296100120640907 1.8720578559135197 0.5552072383172222 2.543223579183996 1.2341869829975056
1.5389661160223778 1.7563834619505143 0.6116582038247573 2.7436037390694556 1.554236924077689
0.913383630605709 1.5745008132627951 8.808009725723677 2.835881778392468 1.0366378675292196
7.682655524299035 0.6212561030135046 8.73650880344007 2.3029447837149095 0.9503094125750202
3.9879748273519042 2.126639536330884 7.773742153144662 0.46067821728714575 0.9015254796242281
3.6729296568666507 2.8725780631738203 5.32838211198883 1.8413309901749502 0.9836128930247745
1.392085673341785 1.5055850877238497 3.3130053690962686 2.5706635071137094 1.3418405987534794
1.3975220892538744 1.8655226278533465 1.5490714117240896 1.2673015313816514 1.4375101404630586
0.7362748334289142 2.9186016518671885 6.710408174798633 1.7555418934299725 0.5438760949767203
3.6350739129611433 2.8437994142855874 5.492256422272739 1.672490548988925 0.8787487359488624
1.9851145887412693 1.401751599403618 7.667375718801095 0.563089609759625 0.7140699621115515
1.2267540102232388 1.7609478961624219 7.316843734266451 1.5837111097706706 1.0426950044413148
1.6582596951245292 1.5193705574396714 3.6814178755577096 2.4232946256903998 0.8028137023167112
6.102803017343432 1.6374648116808224 0.3283866722466308 2.6092471722056967 1.1827914948347027
9.369826421119988 3.1143755339465726 2.2119377135602276 1.4478999045645913 0.5145320161994177
1.144188388382315 1.4956932632342288 6.993465262786384 1.5851050618401312 1.0342881971755313
0.3700253228553104 2.8597998057208778 9.190419026760637 2.7668392642081083 0.43259133242613207
6.92241824006167 0.9379361506924406 1.3670707112524356 1.4995227271848202 0.7231858402980784
7.270204589698517 1.8290929191260823 2.4657404473289755 1.715504864801443 1.5954190959504642
6.706788469675797 0.8571604719565605 8.831929968920536 3.142647258714805 1.134300671640425
9.01318918884352 3.184551639437288 5.5306563902889465 1.6527980659522203 1.2082888772520815
6.530370284244723 1.6900709240126548 0.9263332999569633 1.9252542667043058 1.0996783705043165
6.434402077908687 1.601554615263932 7.2360725495121905 1.5077689109854364 1.5899940353748905
0.7220399382588731 2.5573735405964553 0.6845320452894188 2.783497598697501 1.366641834134654
6.616775888257534 0.8582631666591856 3.2768077128015873 2.391998291106842 1.5752588014375426
5.4980017718657015 2.236709093860899 0.7968021381159878 2.556280283964477 0.9751638779425593
1.669353436988495 1.8103208546902618 7.897238823270657 0.08471029700132143 1.4467653627419297
1.2225475493625715 1.6730321692348078 7.655868282663365 0.9031903768877888 0.4828165013524099
7.451255167822278 0.653016064337095 7.467931943480849 0.8621545772102215 1.5920736632153962
6.465522245385342 1.2962116390846776 0.55915800688776 2.671298865061399 0.4319146188292659
1.3434727286749613 1.5304030857086244 0.9669755874222676 1.4810457334751317 0.6549720025444227
1.4360878245727162 1.8872808309654063 7.957278485788078 0.41025190584548543 0.6498371092148785
8.912233179798328 2.720903462265994 9.124722895753932 2.7992190535566244 0.8174387625727476
1.3448719325207632 1.5755823146627144 2.4184459776392364 1.419323238987774 0.8785974036748678
7.380971223814223 1.6056354275522233 2.0735653411836945 1.7274199010551141 0.6633762990748904
2.422074322690472 1.7887690824165365 1.3768728143912337 1.654493263284352 1.3626416857153008
0.14138083554727288 2.172790218363488 0.856404239946682 1.7813908568518317 0.43382783046789103
7.197078594067125 0.6407141250447306 0.8466162122487526 2.0785006718595262 1.0326453924741614
7.539904054287272 1.612233148368515 1.0588407026175148 1.9343103190656343 1.3774178628334552
1.3772802357623697 1.8868199826831287 3.3483040413916902 2.1998317287690794 0.9339309193875107
2.1305011063364616 1.8268130359990609 7.233790483302425 1.3380474051001587 0.9366038094136051
7.8217475261896485 0.9496237914921841 7.537747909606714 1.028736400249313 0.4736632197969138
9.097070417714159 2.810846212174122 0.8552197307753948 2.302131588955514 0.47735537202618583
7.144655878516696 0.6440326156031773 2.2314954676347027 1.3182854837972684 0.9208153428869101
6.251543977267496 0.9449603366071119 7.25347462544866 1.5851800419414193 0.9094814514186892
5.6751884188048205 1.6686616626565396 7.627469503538871 0.4885088897961829 0.4859120212411625
7.562741046696125 1.173155821915265 5.581064842895914 1.5724597823588011 1.2108866334418242
7.4567571263998556 1.7200821010181093 1.1105275729321222 1.9171547901252264 1.1005518504185472
1.3461041346373117 1.869497005625681 7.574725059128402 1.4364863042746865 0.7275205116507188
0.32701321849041487 2.714917696870865 7.207601025035533 1.5299341080653903 1.0007960637791504
8.082551454697464 2.66369271030832 9.139645590108017 3.2048238294409357 0.7609332616202324
0.6799226305890856 2.3914995471808034 2.0641707818603567 1.3538411535926267 1.2309606427489195
7.415024407167816 0.6803984484049906 7.237404872978777 0.11123129954330235 1.3390059397592378
0.9226422445672062 1.5141054608866118 7.812501628671723 1.135544039370533 1.5107143188544072
0.5630452415599985 2.156755142758658 1.2584145414460837 1.5465698453960268 0.9560059392874753
0.9575586369759601 2.0386378068866398 7.477514756972604 0.828535844776497 1.1510794936908963
7.4428120810827725 0.4430800473556765 6.955495085737072 1.7870053556066106 1.2888212232978349
6.65972605275823 1.6959858449735654 6.797330286261168 1.2930747735118757 1.4661914449644997
6.945647148560841 1.7168174370390243 1.001524072086398 2.2587952963186506 1.5348626792112645
6.871532148833916 1.2793341350676934 0.25157996109817937 2.4256414178532317 0.99286371782516
0.43849938570631036 2.34427479641284 9.26295793129274 3.1475335440967247 1.3433616644582564
7.886324800998313 1.0432455997932628 7.361138936271013 1.3035560693031356 1.153313445995123
1.355273138941464 1.477688933175723 6.8838318730839205 1.1197365733006002 0.8465036236588481
0.9872551085310236 1.8738940170219587 5.280206301960496 1.2975454279839878 0.8795758297023047
6.969773998144075 1.4363231288344198 0.8239906539465789 2.7204294287829844 0.42646172689890166
1.4405777436962768 1.8420744878637065 8.703901488489413 3.2657801133708237 0.914489056943349
2.6392728135186565 2.2481443619879835 6.819164406690112 1.2653116967741196 0.9426837260461927
5.8437280721821 2.0465030818685537 9.201641822414345 3.244011469486847 1.119074068510972
1.3174786404985364 2.1823637533832816 0.39318263222369043 2.2922781708277764 1.2572345618229281
7.6721783043783764 1.025512053557379 7.144692387610022 1.5628376348065842 0.4794053650077638
1.1614598922718564 1.477393761798968 8.801752610890267 3.223986963551838 0.6493589135404627
7.764183598526421 0.08421296096353281 0.888782148785871 1.9468539770241893 0.7464656217390733
1.1018349131077239 1.4703819355588612 0.9399583403779221 1.9209043958174168 0.6643567043537874
2.6598430270935984 2.6257099322328337 1.1163345175388253 2.111887375277397 0.9397300016495844
0.884669448375467 2.1426426937578684 0.19491612093645755 2.6564641745870192 0.8170132361714451
8.67203420861687 2.945818716726792 1.1985011982285487 2.2728043259190254 1.2648738430604343
3.9465988430443715 3.1139155792662976 9.258329893828542 2.7478918600773583 1.2456230019240124
5.383755214415674 1.471139847616709 4.073850262226042 2.392894628119433 1.3259225780425443
6.556707547996087 1.5054431168240558 6.78708477206975 1.5407656554444864 1.5986476880223777
6.814684516841493 1.2612155866406194 0.7998271218881335 2.2598105321608215 1.4256500477603233
1.5580328837875794 1.8049418251538025 6.660259658886933 1.4991516306819994 1.4837615039535148
0.9602739939473169 1.7488328360665435 6.252167804669021 1.2111481303353568 1.4629474608156134
0.8062612395221356 2.147165177900888 0.9748609680445381 1.8651857119879922 1.5829074570257748
1.3139595963426332 1.5922354736216504 2.0315094122622055 1.8504462301887632 0.7951685712391529
1.4610211918651406 1.8879496170509005 0.3950394578865493 2.7170083098329103 1.353920183741168
3.5167175731460514 2.596680247776512 8.767965223888131 3.0811850187382857 0.90274349707787
6.514717605629788 1.3509206257047466 0.7966935478585815 2.362700249016784 0.5541529554508342
0.26266175948901027 2.501498547300953 7.809786143570255 1.5321451879878718 0.6151193355042057
0.6081112658999813 2.2461690006430883 1.1427010816093235 2.0343125760919736 1.580961395312287
6.953899119381082 1.419288422320853 0.7145901652986211 2.454121725503824 1.5012562011013832
0.9476555597968674 1.9259360009218507 3.6809566463956345 2.9263636457026556 1.5363575855911313
0.8249268405994445 2.0489264675909538 0.6779540185334432 2.398248838133037 0.45671015097798007
1.0337594697234636 1.871620865086458 7.0590756324255235 1.6827382352101907 1.5034585208224733
1.1287191991278196 1.561422060550621 0.639249683908675 2.1421059311245365 0.888684296183709
6.74849179658664 1.262009821262103 7.160644812185967 1.7078859146741128 0.7341778711305563
0.3698165869742582 2.8959455062714516 6.53777619463027 1.594730299296313 0.584956525631652
1.2022533407205973 1.7118147854179464 0.7397035391588613 2.1449242796648056 1.2006124805418392
8.740904132460125 2.4679521516132565 0.2514525237959015 2.4664159477629592 1.0819185084957004
7.116907883669204 1.9751424138891207 7.695871469826355 0.9618285684259222 1.2268155888863645
7.821383826203809 0.6761924738318642 7.016194379751301 1.555922970005288 1.3316048795536917
6.744332523711931 2.0023137203441856 0.9258892256436366 1.9244107999548783 1.2480361725797704
7.48573494692384 0.8559722175326523 6.567746832965262 1.643258233026862 1.1974706654781513
0.4488512922849275 2.190216045594479 1.2712849207272787 1.4818054639692693 1.3877232436254978
5.6688776526215126 1.724455283955772 0.7597904793257619 2.4633656491489333 1.0490792751054026
9.278444587711054 2.7619345209335764 7.650488458055732 1.8128518694416527 1.0243569510710038
7.658967141475551 0.34413734961665743 1.0042727926685522 1.9430772521266846 0.6055222880313791
6.294705430722956 1.3307513935948616 1.1466711918154426 2.38972479551711 1.211946757180412
9.256623466775185 3.182640299429236 7.944819974976849 0.41054411901181176 0.8113125729644344
0.9577433662552868 1.9977248951997537 3.3986258640269247 2.2738469756721162 1.4262134547825716
7.1873434200605475 1.6240362510998818 6.994677755325578 1.5481990250034596 1.1533520458360818
6.44118364108866 1.668175508680898 0.3104734235428874 2.580047942907765 1.3954703533197967
9.26597539580414 2.7493287986746315 0.8793460551057662 1.4400956574401198 0.7058263095769035
6.443253415536049 1.5257059045413182 6.769929075149823 1.8956029529907081 1.4482666387739664
7.653283109462826 1.0727503149362176 3.408493028785821 2.265465416637916 0.7176486409229068
7.450572809866027 1.6021032718253287 0.454803022598925 2.2501718728240547 0.5399923589161769
0.22082065109654692 2.7378460111259644 6.530640508915553 1.1517550985377534 0.9879814066833854
3.674938736667934 2.625046725323167 0.8196137512440844 2.180277479987363 0.5157570572770233
1.2754972158362943 1.9323469550811985 1.400026113298395 1.9170777061838593 0.820768910359809
6.393803253184543 1.6181715471244698 5.7352235427724105 1.6644928429849961 0.8716204555423616
6.570494329339349 1.635625565838766 0.5077557020245955 2.542888793162272 1.2822147725167794
0.2501643436101244 2.159017590758563 5.5403618798195 1.7365457644512254 1.408512268326303
7.052606873628192 1.8780219943002856 7.246194798440492 1.3029377600819312 0.6687773747464052
0.8292101776756238 2.0929863213173125 7.562611295930325 1.1716119475030875 1.435991159771253
6.5351279348954865 1.8196551430363033 1.5805497630784426 1.7345828383944284 1.50075729092109
7.29797479413475 1.2990631301504896 9.046598946160229 2.6699354045894546 1.1632063227517797
6.5278116968140365 1.4092485353874211 6.971082517154855 1.6961719751297537 1.5888031035560537
7.781505640570281 0.8452933062563025 7.005839545940499 1.5774298783113283 1.0008751871065413
0.23186427249873348 2.116660476468032 7.055716759098021 1.7823098922514016 0.9086387437782611
2.486977846297152 1.276692205619918 7.897507864196797 0.7531608169534214 0.9438103449912161
8.396160669778252 2.920825976060885 0.7391123883149717 2.2032901476082403 1.5238977310687665
6.9173294719965295 1.117278190844156 6.754095673945906 1.4103273085492798 0.48481083326605273
0.3615484597535221 2.027512139035132 6.189106109147855 1.9979185170733025 0.7759643361945391
7.2425066070244855 1.5227232719064323 1.0474176383824856 1.8765565411299403 1.2532742919101396
9.086879761093606 3.2656356161486984 7.29545984340553 0.5719651368849104 1.4783376620723159
0.7566974325936258 2.731213393914357 0.9415518037933568 2.0984066417263993 1.0347614739148625
7.639229114032973 1.6951677112605679 0.7429283297384337 1.549119375554883 1.222767502308027
3.1964195634599633 2.7515042023357035 6.419156667633867 1.6005044581892613 1.3236056568931902
1.0730473909047193 1.780418621913231 7.711014929816252 0.765920400152952 0.6741772006191624
5.5936238106124305 1.97937403585948 3.4521764991928237 2.5136278203017763 1.4554560916680246
7.988781314398794 0.45497990836630076 5.768832106783319 1.6202767327960468 0.9761342022624748
7.991238261430736 0.5516155832131879 1.058589408382566 1.841603174585476 0.8080370301716076
8.723421051541868 2.732664760851502 1.4237547149245287 1.964053666665845 1.4884431079092133
2.6877070411382533 2.129476041816992 7.869112126781455 0.833839024810166 0.6002850422310287
0.6172557852938119 2.80947015650374 1.383094320703429 1.8305136353674878 0.7962149371306477
7.795800998688632 0.3057915813860655 0.9767931457711256 1.5881232549619193 1.1859098878972607
7.281823166868474 1.4443916847383393 0.8074008248021625 2.4585121464673025 0.5419126939864305
7.07442726042704 1.441109690014121 1.0199965364929666 2.0494879520105744 0.9470754886060604
0.5666356870855093 2.6233655079026477 6.46933406652429 1.4687527452068359 0.5084363284015974
6.2266684855416745 2.0952769150235353 1.5727608439738057 1.6316983415594484 0.5962546319110671
0.2872161277683561 2.285353404787545 7.346424683420236 0.33754004079186695 1.3071390765170128
6.56656580358975 1.1820879088790952 0.8935720385465351 2.059328145165154 0.9917711735708301
7.107869957367321 0.7837768414937938 3.6392332390262507 2.8980093854223 0.5836305921272701
1.3913683326845532 1.4020735367921742 0.8346124628440812 2.7440803997289303 1.593832947744692
7.409499812370756 0.5897955129054278 6.549901160215924 1.5801093694143202 1.1410636839302573
3.2541846410253075 2.5678325199387766 1.5676725845428259 1.6688966260290712 0.699305126137585
0.42278379412430417 2.1492125627590237 6.771825031455677 1.3649562551118912 0.7009636427194716
1.2851337938455187 1.5731339168842775 1.0130271572925726 1.9120147022340672 1.4533486230822155
1.2324104768232906 1.6297056992192518 6.495021457650639 1.4628059821057509 0.6871023360261644
3.9197319379541824 2.7160508350436996 0.3659276625702483 2.0697913809772457 0.9969711609285579
7.085430688520693 1.9190357274812018 0.49407962640064435 1.9528210954492948 1.1209268136232236
6.772030108096619 1.2853701796185015 1.3560645816030235 1.554854357266162 1.4253708530604483
7.329604418534206 0.8641078985368215 0.2284177457588351 2.488390543820785 0.5972907456002308
7.269506863076019 0.8044798447208742 6.751444985243851 1.2808356043058247 0.8636632189589306
0.9493061731970649 2.0172381626815405 0.6012636448267852 2.1898240707993573 1.5263233804443843
8.773295892464045 2.830987060105188 5.5547616603055125 2.33910363318813 1.3304363194014357
8.460812040353925 2.3340357184560747 2.123600665175699 1.7911335209311907 0.41018481935218326
7.17977807827265 1.7593872423206762 1.018428190968162 1.3272750489362608 0.41325809867347524
0.36747894998483505 2.1731847662303325 8.667902894311212 3.089579525746036 0.7234589259664725
2.219381501261976 1.669047082180669 6.184598006394541 2.1928467186386307 0.757386932324885
7.0492560235211705 1.4335492455165826 7.5492721169850485 0.669003373700358 1.3488702187671087
6.628960305081982 1.6871115179173 6.644019654653549 1.6687769822581524 0.41807633617723367
0.8360505282216658 2.354918801230132 7.4004321600721426 0.715094127239971 1.6062527375666011
2.583646794733344 2.1704498511246406 7.531025129092063 0.5592142395355699 1.4267634841379626
7.386048010506622 1.3955550555852445 2.7490360475868774 2.5558330376997036 1.322288769900598
1.051807452767357 2.2706392435056584 7.706116163288669 1.607275349316949 0.6275730158304401
7.772561692188228 1.1775219989160808 0.7599316473638942 2.54810063880261 1.3192133835577962
8.91307974247558 2.9090987031292777 7.90024934218288 0.39180045814173825 0.4237570570521324
8.90592043306722 2.3189202897700474 9.254054074236754 2.733582686933459 0.41654287685258595
2.8245436538511663 1.6615124497873222 0.6896187509045267 2.540963528613446 0.8709569249165134
7.529833615027086 0.6235529508971359 6.223676893201149 1.8232440444550029 0.6912247369989372
0.7327205004341808 2.1332811776605287 5.62545206392304 2.160248551139882 1.4971938164079417
5.908994316105308 2.058099851585212 -0.15040111064862563 3.260368591875932 0.5524236592529077
6.183108829910909 1.7972425742261497 0.8368483858010307 2.7293405137565165 1.0326628952617682
3.288707847134094 3.025548389356554 0.8179354111499024 2.4574434603241744 0.7117126929890222
0.8332730298878487 2.132748574200018 7.930958117055382 0.5370036440780811 1.594565443355295
7.627339911551465 0.617135998832114 6.893129882814299 1.9404220320348222 1.1505392170124638
1.9285350720172134 2.0127275430781473 0.7665830108915561 2.529333100266446 1.4979308444300437
0.47079646085053783 2.203492583948337 7.375821863558097 0.9299255632817504 0.6404205703904151
7.326123764790998 1.8442485689636192 0.6268804981073064 2.4828312764624774 1.4778898044252522
7.331922940246389 0.5837570149316385 1.6402468822805751 1.4045669712603108 1.5907814460981053
8.856352415127352 2.851811766980904 3.7140626568521258 2.8762966767773834 1.4999659872935749
7.141752382182135 1.5699210782778446 6.991327070145949 1.5660193287347255 1.0527738847741954
1.7988422877877142 2.063619154293322 7.161689745456191 1.5550337121090996 0.603012914371161
2.728383255934992 2.484916829040399 6.625357503787072 1.0944750855375291 0.5775250906086702
0.5205694959569949 2.147079571061819 9.352660497713739 3.2007202867774667 0.7176092745367697
0.9964666051887949 1.561264627464296 0.9211606035116875 2.203560879421818 1.4519975163659586
7.2529117886819945 1.22396746033102 0.9715578983940794 1.8213025668343992 0.44861863498049576
8.021984176898181 2.669842654300863 0.9688468179054059 1.8712140537720374 0.8294003066380344
0.9283516386647134 1.9241453037942493 1.2770406350116696 1.5492194678601057 1.2110608035796642
7.207561207786231 1.0227807984139925 3.3080209484933025 2.3879780233506334 0.725680493611457
7.664424890322939 0.2672523129318932 1.0367841096503772 2.267904647614368 1.3443060478529731
7.03045382418525 1.8456561119784363 1.1815704366358732 2.362931887982907 0.6191392908012617
7.544590112750176 0.5274519200615382 6.755244150936563 1.1003229927155127 1.5976273166671595
2.967086524636401 1.2639236353772723 6.391899570754685 0.8279893482493614 1.0177245274769033
1.5543759667791124 1.5144175404045899 7.352493220490557 1.4668534456995357 0.6869293568085086
7.345171244082014 0.4924006917532988 0.9464207310857933 1.838541732168132 1.4038489243021097
0.5515647909830856 2.069713643772502 5.254798911560482 1.7228801937600444 1.432373006937334
7.489363306577755 1.9624206523135002 1.165038833646451 1.7579503800818186 0.6098135997582701
3.763894360144943 2.94732549835479 3.6524755183379756 2.497867744994258 0.5137398910013157
7.155342013735388 1.2339763798870698 7.377859380390375 0.5692499989445541 0.6822036633593076
7.153244546982732 1.340757762857142 1.0772907214755518 1.621307486501535 0.7990953626277127
7.235646690653815 0.9869254554995348 2.4161319480083736 1.7573011387965778 0.683554470330715
1.4064037554621138 1.7141810410020382 6.762529440201587 1.2331480408491928 1.415916487442277
7.158503274383409 1.4893772614927698 3.6183907421245998 2.2353359707828666 0.9127900113967167
0.7879140823832329 2.4118241180389095 7.795450815989791 -0.12795012384307117 0.47581981347907376
7.755531471104493 0.9569211072270707 5.003322536188075 1.856307316633603 1.3406471037871033
7.594889460548349 1.8118828324731553 0.4521424226473436 2.6430270759720598 1.4024855082785108
3.2256260601039717 2.6818111931390685 5.618229696353501 1.9952578945412838 0.6382846736531076
7.479499401244663 0.0033293194343709254 7.338811911911273 1.25333627736996 0.606764049790692
0.9639957687553038 2.1376402715711764 1.5123473599574424 1.772404507798787 0.5587400625965204
6.337203633635558 1.505832639484079 6.661645634436866 1.9768248791471756 1.3023714688893913
7.260610856243686 1.187168743591685 8.693668942151225 3.0673348438361407 1.3226619854445747
7.571335767213221 0.7163782311953555 7.2615285081265135 0.836499997119544 0.7944715924696167
6.9759023751014935 1.603553328388037 6.899375439923703 1.8661311030584964 0.5710737448365654
7.293900300631162 1.485202539368845 0.8879567025221189 2.1944492425305895 0.9330707096362583
6.837228356844886 1.8071737143179067 1.2376051276217348 1.4691434367538547 0.5785005883558145
1.3590748919608182 1.5658934014819206 9.138546779814744 2.8546796466164266 0.8095559376720416
6.937829245898942 1.3711365955082562 1.2684400088809924 1.9324934889050378 0.6764578080438588
2.4293559965450404 1.482964904018214 7.878867056075897 0.7711234431593018 1.5149200668512637
6.772245747451488 1.247881083328952 0.48334921929665364 2.194280898484114 0.44180754360904817
8.730257442971473 2.7052114337697732 1.5827776319199067 1.502594341182436 1.4281701051075482
0.9569937070615421 1.7562980484028665 7.2015732557772445 1.6552948029063859 0.9446528232319671
2.314383168885226 1.079925451283033 1.3353852871953809 1.6126886988387485 0.8306893747107523
7.214056629440442 1.1633220636247896 1.341246291425359 1.5175090727635312 0.42534721275652687
0.682731866639834 2.470014242571027 6.429639689864947 1.5123493380629807 0.555691003747528
7.269268312671594 1.3245998892309998 7.775854317922263 0.9468191389519853 1.3087891620018866
7.3767751710603795 1.4846222239386 7.257424711700604 1.5326016009061658 0.4160207442435032
3.6954843532399324 2.8799231121101134 0.6616908587548176 2.2683081585439098 1.3624268473050105
3.497979337453576 2.612066368179092 0.0812052083444279 2.6779438930343504 1.472449630519487
1.525373079282936 1.5333358695631163 8.901631611669794 2.6944558098443228 1.5369026812524804
1.4703354814981102 1.408282535976885 5.058690617868603 2.183360925246103 0.9139542165223349
6.367798327751855 0.921279119981244 6.932815007007818 1.9107445582216596 1.4254063451107135
6.871989541350804 1.5768339970273482 5.588009250591492 2.0507036216500687 1.1756409553078102
7.1769568739185985 1.2525809504786234 9.406800283557105 2.864611870533849 1.3575210881970654
8.722140744286095 3.1862329132141882 6.904136596478852 1.5182318643440111 1.331077185494261
0.6531264839849815 2.196232922623889 7.2913251362352955 1.4680806605450958 1.001187305450504
6.646108744475247 1.2784518167509944 2.64266157668231 1.2818047927043756 1.4735351215495245
1.0157276206522299 1.4663671639337201 1.3430086677125603 1.4530711928359334 1.57038192521214
1.5096997105975247 1.4277001430105996 1.1871187367925828 1.8353991832509795 0.6501219758592909
8.45001498766485 2.2853000242592074 0.9435696784729556 1.6786264464532228 0.5568710300161803
7.340367649142037 0.8056048752610756 7.09263434375599 1.2664893510487254 1.4714504056104165
7.3164147275898275 0.477690008775809 6.873347824791171 1.178421170908707 0.4574826478789711
5.704723527249309 1.62389805741815 1.4618963291934484 2.0354269132956 1.5050955132763268
6.526756764615604 1.9273432795677379 6.798600858303575 1.8951982625703154 1.4257049463645455
6.7200767707278235 1.718149651138587 1.3077563551281028 1.8795415763797965 0.8734917326323228
6.97281452938401 1.5342960877837282 6.779362316248722 1.6363939525550142 0.9932600904870774
7.339152331773296 1.2124732252608252 0.37302420180736184 2.670998521241752 0.6540884969149015
7.1084674454656325 0.8304290279955722 1.3298849009284712 1.5433491705255444 0.7605429705273119
2.3944227898859465 1.5433457278578222 1.9364410073774123 1.8416937247030412 0.8497020404099507
1.153756324826587 2.4484131441495065 7.452655735227872 1.6729678458152912 1.1621495160267254
0.9777827835030719 1.5459318586527802 3.778812281677473 2.732808578493967 0.896728366199294
0.5320282721550739 3.2677309084967416 7.668908312637191 0.6571739372931216 0.8790928906560146
7.461610707084878 1.3418499466705338 1.02269727788795 1.5639350827347545 1.3725471653703254
1.3530973367180203 1.596407583863832 7.44859017463858 1.9784678289299455 1.018336862170451
6.566998206437694 1.4881400321906575 0.31649961828267703 2.426625365347257 0.9509763225144332
6.9835387511716664 1.1888168703281536 0.7305720537297206 2.4256804333291884 0.430381292330884
2.037964637641357 1.4138454219477843 6.564116608821832 1.0719043191535251 1.0987199049660834
1.1042983683239607 2.203067442612743 7.052801914771231 1.6183279781158864 1.0390227266700618
0.8809415267200275 2.121600480213723 7.441194329123235 1.20451314447368 0.6045120001528039
5.526559063012876 1.9083062954798775 2.973158417328656 2.771856190723431 1.2469536757717476
0.3212256670080306 2.1310607548923577 5.9680840998011035 2.2366138172481014 1.1991447501709978
0.24694696300052227 2.5510175906437356 7.34929064703243 1.474654401330589 1.0903734853277445
0.6363758666393848 2.1215999418984426 6.755368385268113 1.2380612791352024 1.357073681836095
8.054047596286528 2.2763105098581744 3.2638104191615604 2.914922940689815 1.4350660531441046
0.9778837683458022 1.8025079690197405 7.299145208716245 1.6110902914867822 0.9875158982174839
3.4661321135485235 3.1454788477323654 7.059078239186633 1.930819737981207 0.8462543073254278
9.343659923678466 3.2322967219414704 0.676954298479122 2.1195128111933603 0.606512563786988
7.254425362223968 1.4879903437538848 6.2762783639217155 1.1471482359521477 1.0532365659894511
0.7286448396027951 2.8014225573469536 0.8676797512063068 2.030897721915884 1.6059745804707541
8.82696811498079 2.8049988618048376 7.737833985311481 1.127858641253483 0.42406571116287667
0.4483065873571045 2.018493711860673 7.974932418715286 -0.0033755884769236244 1.3552712994067404
2.170228362422987 1.4927706110387673 7.693415063006952 0.20161258657063996 1.2931692022892591
1.4684544901759615 1.5413613153375363 5.857841156714997 1.802186816928316 1.5535858871370425
0.4045993479563961 2.292944653329548 8.004681214280827 0.22914568094950793 1.2148109156683757
0.5378785793054055 2.2658986623716637 1.337289530528965 1.9757995174043073 0.6343302329174958
0.7541092677862008 2.646666943238552 0.8787141062584245 1.4130531506161996 1.4587670532231967
0.7628392371338433 1.6166501149179744 1.7781147807855904 1.7220576835041697 1.0837621025157782
3.485157033370253 2.080984151041633 7.809399592565625 0.6957528822035379 0.7642176867675217
1.1200851993628609 2.3172235183020957 7.642834316288982 0.13501840426488074 0.8673861691107638
7.563056385706008 0.04331899531583194 0.7036465147000933 2.1369189888891187 0.5736691138800138
6.539368211905532 1.4669766212491249 0.6290748162035671 2.474163708318607 1.2385319668142134
7.5825733277056315 -0.013235353223728569 9.382762611718102 2.8050092758011176 1.5509379758478725
2.211052735703855 2.4232978689307885 0.25417458237867196 2.6179350313148984 1.2249681026581403
2.034343763451743 1.728847312670595 1.5404652308399074 1.8189647402224671 0.5073626235070522
1.0605880287158345 1.8789128911631183 0.7892368893011965 2.3842420542416636 1.1124472113299642
3.61294495948034 2.9403826666907076 3.362156133949769 2.9257148629293233 1.355488321095286
5.212637393549521 2.1029542406128825 0.8410241586672939 1.6487725178656008 0.4100418108309875
6.811833375679313 1.9399154303530848 0.6458687831927545 2.1976815167172834 1.5728439883637217
7.9998224330184 0.7706799103390549 0.5491589688720389 2.7763385614850846 1.3815090599050988
0.9972022552371127 2.060448861123021 0.5158145805592427 2.2611261211013063 1.3520234930093282
7.0011530495743 1.1670090329840521 3.90250471155489 2.6114680013523364 0.5498242141939828
7.373328752799755 1.4322066757053717 0.24231035407371532 2.2113066769459744 1.5287937513159837
0.3490293296387845 2.2622004224900896 7.584759846352791 1.5923206658084057 1.012593525320405
5.589940647747904 1.945402784254606 1.3768234412830618 2.0110697155064665 1.0984562184643498
6.52166679938108 1.4753666684147788 7.294167073484985 1.2538229156242453 0.6793599940616771
0.5917648243046647 2.086160074617516 0.24313102309248563 2.516862664472472 0.6547933360715502
0.6686940562841783 2.6329414187045885 5.367833685566112 1.9322526419312251 1.51882035874937
0.9290636923348881 1.924896181669867 0.9884149358862451 1.8022544799262517 1.3820772176308316
7.011266558169508 1.4300795754508269 5.465766068911622 2.371280213118932 0.5828457380295466
8.31133982360787 2.953171986462379 0.7686938582041143 2.065185595224579 0.7029997712245082
7.541574570513169 0.7074969951707673 9.104450686729104 2.6651563178851334 0.42032620550658956
7.020410799379833 1.4761752501254728 7.456349102467446 1.5478070291295143 0.7723680111586925
0.30602312492447675 2.2202945423911222 8.017536576863293 0.6587948364957164 0.9136883839036147
7.789727812710292 1.0209166522661335 7.799554127897337 0.9301415657273991 1.064670040900865
1.7644798815790812 1.4035446563500362 1.4465005647023492 1.4766755412067982 1.486626652720035
1.2590630082401915 1.8562144106737348 1.2216980604241157 2.352849344065425 0.412945841151111
8.429000656300541 2.2639124296082906 6.467638173252972 1.3231321424570324 1.496358797075478
8.774555327523252 2.8451406868865368 9.218687592627894 3.113567779082825 0.5719772132306137
6.4637362132288985 0.8963396608442683 1.0884518924053972 1.8106114687538861 0.6733603501101061
6.067382720370055 1.4332226923218085 1.2001887162305978 1.627597593676726 1.1287466312424383
2.5783030272338743 2.0248586911551762 1.352441297232198 1.4380926554769768 0.8458948223801208
5.389447885947952 2.2083816101819846 7.5378784395020775 0.2795515875360742 1.1776285279893526
1.9948656441905546 1.4506212954469169 5.741049370199871 1.7782377276110426 1.3241264643056838
0.42039016486293107 2.50665163916317 7.377183041218139 1.0569691691122074 1.226109643047177
3.088265024747439 2.5142463331292104 0.28843767851767205 2.6069243385091205 0.63729694124579
7.3418984253167405 1.4647755156840896 6.9010034598553105 1.660940264164071 1.176165685574966
1.2769277204851424 1.9193833368679412 0.6695171637657524 2.4208531988461024 0.7906970638601306
6.881192073413785 1.4391041567614116 6.692705271807974 1.40191854007113 1.4916854048964665
6.935526219578387 1.5543305607630422 5.61278153868939 1.672069764837673 0.7740479643337024
8.471814408694579 2.755893661951878 1.4053012399756812 1.4576123305190534 1.21299240162698
8.663467820743232 2.547297897439885 3.6192554299268287 2.82306134823791 0.5541566098019255
6.995396576632943 1.5612631961076302 1.018710833615609 1.3468244492983228 1.5948625092988178
2.7776920343482185 2.2841526702110255 0.9594523351261248 2.4575320053530856 0.7705715258820018
0.8272675591071896 2.0074950873809865 0.622320042977933 1.9610451767164063 0.5064621272721385
1.3005900801596015 1.5590305204391497 6.898600381040122 1.5329465596963532 0.5811622407181918
1.1098156309402023 1.4693947898055288 7.739165906534009 1.1606121485786218 1.4772966843869935
5.773995622984353 1.286012984311015 6.762307145017411 1.5349599595396173 1.0385716968925964
9.218226956744175 2.866769065034574 6.973817040020579 1.3969884090877873 1.1898164999738414
8.819121271730701 2.2230241538440603 7.720476678652146 1.162446069219653 1.4820859942795255
5.414344820547236 2.149098233641665 2.1215830468993415 1.7439181668880341 1.2070994149797554
7.424267549939101 0.5975373314706022 9.326562962758912 3.1586141415052427 0.8758592237478623
6.902767749748652 1.4931339051841523 0.689197677924422 2.175645378961799 0.8370700028553513
1.1480546762892767 1.5275846031390647 7.523885787421095 1.13414374255946 1.4205879133383543
0.8030659324544357 2.841259629905026 0.1980954293037832 2.464882740050241 0.7602362498352428
9.298615640066384 2.8665863596348484 0.431676160600743 2.875758488831225 0.5029709612803193
0.6041870244559966 2.526902578017471 2.0911046480164814 1.3705034235450126 0.6457257360321509
3.33088677384151 2.3724513313293043 6.526006362920627 2.0658233416255434 0.6915030900215757
1.2473135908754756 1.9166738549505715 5.475520639788631 1.8252511674290754 0.80417312506275
6.681654401143671 1.9379914060739576 2.1329573006459133 1.4478326338815075 0.9410090752572011
6.27232671918598 1.2522241927563111 5.718687138495898 1.9232375805247066 1.0877074199185108
5.361454431921496 1.8531588826704717 6.538621459738599 1.567079060582954 0.7204520911091769
0.9395004720394277 1.933775937258384 1.967078938949766 1.7145931738847935 1.4399573190504182
1.568363775418595 1.376365324468972 7.440431491097173 1.2877835702423974 1.5078190603398607
2.5011159502920703 1.952970216397078 7.648233169836505 0.6900016808991265 1.6095258767155
7.716221311179465 0.6552135161678121 7.676267903191885 0.5762444189670137 0.6143913293601075
1.5244344501966964 1.5066137439545113 6.705008466524495 1.4447486351842838 0.6303250445709756
6.715658511258212 0.8406249469098421 6.196880208734363 1.7843222898697926 0.7650079395331484
0.9488393333802491 2.035959455914863 0.8964704239619008 2.3757248826169186 0.6194720069158667
3.5565115172681696 2.6463670380813378 3.242845533668283 2.9501546568798434 0.7678141194540997
0.998803450731042 1.6449114173682946 0.7624461244279223 2.688372824997877 1.4228425461674135
7.911575766255529 0.26618204035123727 1.4128290618453136 1.9484261950619073 1.3525779088173133
0.7245138000647141 2.653441914503797 1.133064641305099 2.3968006785397735 0.6916099242595287
1.286322032311575 1.2318960498755138 7.618328197174736 0.7162837845561989 1.440464608416332
1.648351114706949 1.6597692691432 6.999517895390186 1.9046003111875174 1.5144599953805833
7.611692448149618 1.160562699638203 1.0480028755191588 1.9027920913525513 0.5390048244843457
3.729563935808201 2.9607113279413553 0.817774340077839 2.3597116270409986 1.46797420200179
2.767805066040339 2.5466081098788638 1.1568639344005007 1.6079635128514167 1.542873250361019
0.4823244341253641 1.7093763814418317 0.3465718412007954 2.47237361402739 1.578547832611809
7.253862169002234 1.2358014188886213 9.213494933384084 2.7873452912611665 1.3584861686702656
