1000
9.55612776269312 2.8542206594879533 6.7260397688219635 3.1313033037521327 1.4430529608023797
7.2864752064953215 1.662392766220175 8.1688758985457 2.3105059447021805 0.5874468802626892
8.170760221737044 1.9179696022536412 8.506621570800508 3.4164204640763285 0.6911843370589994
4.604594765975001 1.811783910630528 2.23780393507876 2.453272598674289 1.0041142770153038
7.534152689858424 1.4082360738495037 8.500668508540098 2.720345415335495 0.6763687104338174
8.239108072647388 3.2253239580669946 8.091630042081485 1.904660105607398 1.4103317058799598
8.570848225583468 3.064842860487925 3.6539725400396 2.92803253217195 0.5277255797711681
7.155130261299701 2.0511079140678565 4.3523611058243565 1.992829484220386 1.24844100220229
5.094679707757369 3.7700247519329984 5.977550197089139 2.6064748509790205 0.5681520712580936
9.103248536308252 2.989385236589793 3.8591218336356365 2.878141121494803 1.0270578541638746
8.01563431889265 2.968432448695176 5.1140130888336035 3.006559621257273 0.7191112869792462
7.2559526381296795 2.9304461590620043 7.316395954578178 1.6955897538790539 0.7570317683931824
0.38030080113149195 3.3643567198267874 6.301253893513365 1.0122533822883635 1.5719452355223302
6.972992431181046 2.8932961876380183 9.170989824965032 3.4074013172776674 0.6539049212281852
9.203328140819993 2.948831973803173 4.293875752735028 1.0599580550927576 1.462965510841994
7.105801054461553 2.620628330651812 4.727104718203148 1.4390916690576039 1.3659032724504327
7.341729814791636 1.2426623879752927 6.265516696741835 3.1162085777365474 1.0115977424516935
6.063218885418008 3.212528832072803 6.418808360556626 1.981548283631947 1.580842890672155
8.660290394903344 2.441626685357609 7.2760959483232135 2.1457354917049036 0.9000297293865598
3.621167626120667 2.8987346576768984 9.136512044309093 3.0185408478199456 0.7549838756105463
8.935717370142909 3.476071343649921 8.30558347008691 3.5100054707241948 0.9896023221355874
6.424603919192515 3.3020222428377024 4.989648476076466 1.1588611169139913 1.594353272535862
8.075225487446904 2.4375229262968734 5.093979459411637 1.2726043495366848 1.364841448007081
8.98012744037839 3.4510204725659386 5.66447666915808 1.5848934096371008 1.551784051117732
7.273563421128774 0.8211790571094508 6.0308762021701705 0.8987060968652044 1.4495487403049174
3.3856554033768185 1.4620766209788973 8.650705397999742 2.3905454576722365 1.1392587289800953
4.740414842079379 3.5935326433521944 1.0628904913602866 1.9218635488790632 1.043031995376127
2.006414570112133 3.421870210545826 8.80420519008885 3.115226363308267 0.41881979980661604
6.951449128796105 1.8363210402366121 8.375975618333463 3.3977346456283266 1.3413286201101264
5.70967892233009 1.57418070662713 2.077707900502826 2.638837421782562 0.8926912040434112
5.038163499950318 1.2185946414077147 4.253244042424422 1.4759510045809612 0.7600814347891586
7.4454784912497125 1.6451580744602046 7.633054256843066 1.8498037746963047 0.4242151629786648
7.693048000772808 0.7650268873184858 4.033154414702294 1.7447786191154806 1.5938010545943166
6.136979992153172 2.666552261848873 8.928868850130959 2.793314115559048 0.6008490706396896
6.432797105032201 1.5500544806949574 4.666439483032851 3.1807108133887394 0.5951732568947707
9.536929075672067 2.97662091119042 1.5302134504233873 1.8897244377977895 0.7820593992264407
1.1294426783734435 2.1280034903263823 0.5881542534477391 3.3824634579618835 0.5617995004936511
3.1731459276045615 2.646447090894892 7.020034747603796 2.3348060483858295 0.441170954206576
7.252788753874669 3.2466341942586245 6.76144708326074 1.8965978118088147 0.5913957616883703
6.939727079928903 2.470793734483365 0.7607653634304248 2.4295271463397166 0.6106026925059256
6.036046809849459 2.8408985985278443 2.1816335309445085 2.5594493922098884 1.4145300807340722
4.749854371236969 2.30029901193953 7.48649921458533 2.1678408985966966 1.2554163667354696
9.201774932235637 2.8544859658628794 6.267941174773983 3.0360885717322645 0.46672739319491613
4.42419537197196 1.8110781860756187 0.52917834761446 4.193085483156827 1.3882910810485798
6.0625283041210425 2.11385543420164 5.074228803292978 2.693309969211166 0.6799038752449604
9.14610259242884 2.9548163980033157 6.044485355144663 3.847817186276212 1.1098669769519087
7.981014841577617 3.4591283666744435 6.199951148464656 2.604340503785198 0.8948555309692501
8.19746278535842 3.4653338069276405 6.333007700900481 3.465543943830258 0.882914366086236
7.923881910279248 1.4292198741898656 2.2811298236391355 2.9773795151497238 1.3015585296027703
3.4535982767325897 3.0963211077105957 6.5496799824261585 3.1467286108468278 0.916108490378521
9.627555003444797 3.3607626157210015 4.813414044515358 0.693938938592808 1.1864653930455766
6.215054430372401 1.6251079860143918 5.73463669525866 2.4463655638246866 0.6508845930200439
5.500769977826629 1.7716770437148175 2.0820050911760846 1.480804274117521 1.1263907062710834
4.790134926325349 1.8352758806067953 0.5864666969555916 2.8068894252324643 1.3830302049369403
1.5073921517791862 3.4919903527029135 7.560689835986722 3.170949824837529 0.7216239069183807
9.039471301168678 2.8337693550736587 7.6855556607848285 2.610217790097085 0.6618025722654267
2.0749150895156037 2.9733945102539323 3.273805721297212 2.984945659263258 1.5055838070352319
8.594371684176581 3.027599649842896 5.640614644626937 1.714327721901917 1.5417333774929893
8.170036127582538 2.729389630804112 7.39892842646803 2.861778985925755 0.8679701232171821
1.533540811591583 1.9793087004301382 3.587922591247618 2.5167489217044943 1.4226222325683187
8.394608325559535 1.9320414081588244 5.097953952985054 1.2811061315553698 0.4619703457176102
7.445840897376434 1.2305545425067002 7.163845964352209 2.2028822639355634 0.9298401734752884
6.212378293333031 2.4525090651720705 5.444886689916871 0.8734341096407734 0.5997566788782318
4.688349978818261 2.611709506577853 6.978785264409942 1.716225895582063 1.2189949383210748
5.964920306782664 2.930898449894367 8.363740862601736 3.1065546432115667 0.8455268914025966
6.486403658528319 3.440141861455836 6.517198562156533 3.010310726876254 1.4757420417335183
1.35090128396682 3.14616239849256 7.187659069040062 2.8249329250291675 1.5328228802869206
4.076803099080052 2.651533820137821 4.558572320005998 2.729275017685627 1.023491280084194
2.9507650899734923 1.1368386403199793 3.099466300845873 3.9211896043910777 1.0267772444874403
9.557183916564234 2.9572538205754046 6.165313048632416 2.219449341285644 1.121449238962156
7.141670015309597 2.372680770881488 2.106727765422109 1.3580319453908425 0.47204728206044644
0.991907307296988 4.30766473001774 5.747297557223698 2.904625490354236 0.6544715396170336
6.93909315395176 3.0248815459640834 8.78077482543287 3.0233682181870543 1.4399535847888485
6.431566749390048 3.25199688235531 1.4160252516662288 1.4671850284399026 0.44081245291518106
4.887277718961326 1.091776429371032 4.949438467904239 3.036557625983106 0.5199641293580801
8.449963402891388 3.073483160592218 8.155326431706898 3.4622000228434473 1.2633540854943506
6.8763862375627465 2.63288534034468 6.993662923877582 2.1989550459972236 1.481652218507524
5.023200562640217 1.2666840484678334 8.439281231828513 3.7949450737053825 1.2316626395140222
1.3277269453095533 1.8122581080762339 6.756231048154156 1.931601355656273 1.2703228665642285
5.09046561804111 2.4470089422357453 8.635072201309303 2.92817753250693 0.7941831646762478
5.412284714314136 2.4903858272015054 3.430684930614852 2.123005554570291 1.2335893395620965
1.0897293796912102 2.034651269113505 0.7536837973201713 2.001165357823468 0.9140768110936386
6.502811482465134 3.4934799728219144 7.695164524324724 1.7499048442896314 0.6250921432334089
8.822690940097345 2.515781476938057 7.335229996945034 1.8303655238493102 0.6910452899850891
7.966029944932594 3.14303498479758 0.8920563733427226 2.1483505550914352 1.0713052006541892
7.087264799357669 1.5747056796884755 6.455602344231487 2.2198391987075645 1.4021338231766005
7.92411574214663 2.0224145228852053 8.013622105213086 1.4730765721256889 1.563445871103636
8.005973045087512 2.63992668338354 5.5269574784908055 3.475113511154715 0.8295636820546352
6.083133021933119 2.1639775450781578 9.106750389049315 3.1330560530503253 0.5663391070308014
5.948640213987455 1.729023045371269 8.487743620833985 2.473955056169421 1.338862900063498
0.5880894028237603 2.406255467605146 4.732526445568863 1.6043621896109759 0.7106532430314908
2.9515926924165647 2.052197145526516 6.90364187171422 2.591982244300788 1.5227427028823433
6.7257481182942875 1.9024895848709706 7.7550037511661225 3.0079237043520655 1.0733910494225485
8.647085763757687 2.6791240330085304 7.884692019433264 2.0545815031981984 0.856554896493878
2.8433593127874808 1.215150226603115 4.924948192083458 0.7478426337793476 0.5353304125772362
6.900021344992143 2.8023830897967485 8.368751511382182 3.67771148688686 1.1149845525702653
5.097983505211236 3.6091810188415954 0.8166497285957246 2.8303319761111907 0.8714216465808601
7.809366200898999 2.604592468578279 5.0188070436896535 2.580827394449141 0.9199750726466396
7.470760188820496 2.713861112330537 5.557943542335762 4.007298090181139 1.3131303191376973
7.478745760531036 0.03702793364381762 4.839390144117816 0.7314466419513821 1.3351310723014296
7.4229341799236535 0.09705075718867373 5.161113407391267 3.7026705652938894 1.108264344416753
7.615104225276673 0.5706814002830062 7.912092834846089 0.5104132812211178 0.9652492952971792
4.856809060596621 4.2439253391741625 8.604180182078482 2.5472351905654307 1.3660769434027047
5.564129358076294 1.6568920053702392 5.455164683841888 3.811477631836115 1.2044421678992745
0.3820496488413129 4.258280148789854 0.796901652759952 2.146288280387248 0.44239639865278435
4.840492731013275 4.4174307160469874 7.122102669549203 2.341488970120858 1.4652398728764997
5.022033193580703 2.482144690981161 0.985136725206323 1.964983577757307 1.5751399084601512
8.762135554301793 3.2053347953105757 0.7234377784306223 2.036398315362888 1.4447739064333052
6.824960288172377 1.4608115508958368 0.8131379659541488 3.000648903943883 1.3531498284744299
6.194028533276563 1.461183617912603 4.571172787111497 0.6994883945214537 0.8875367746772389
9.054726169953044 2.774537871540812 4.386776273535161 1.6276078980724322 0.8966212691591584
4.381315623036001 2.157967825906754 5.486598174451949 2.408670358482068 0.4790009605722441
7.972322819184828 3.2044236678382716 7.584823531752883 2.2020230032278034 0.7851275923127097
7.451373972083177 1.9054433146264 8.458737927841643 3.500934295433314 1.4266489289688171
1.1396464260826735 1.7558876115077533 1.011167697158468 1.4693244065830837 1.5915357769613807
8.153512591248761 2.851196267945753 4.359711031934407 3.0314819437661353 1.3347161927853455
9.097334944421474 3.11018673886688 7.216637750370019 0.6297568517924867 0.6237927228057204
7.842914688647107 2.08960888882218 6.066350695080648 2.7519175210312268 1.2052252400617476
7.879335720465748 2.9897417289352615 8.653921161874546 2.7810304879421293 1.1584678293337352
8.280314163307178 3.2032539324738147 9.503057469787406 3.5222960672060153 0.7829475554685674
6.764104127659307 1.4030702044153223 7.988728091281781 2.753879415279026 0.7152977004515882
5.295176596199352 1.6002639559090661 6.056633463198358 3.8329489059983994 1.3961835809432572
7.00016305659433 1.968158310758494 8.203406196781858 2.544105047855655 1.1566366662469798
5.067621246078289 2.8210862877770806 5.103338769098047 2.8145079438197844 0.9641024156085514
8.459273270422495 2.8697100820093207 9.148989152868191 3.2716733960191213 0.6109881011231159
7.587148789763393 1.7932009882878681 8.96046390823337 3.1457892780947208 1.3618365060257969
4.652927506776353 0.5554597492675298 0.8531874749227312 1.6673281865359098 0.5034484898062956
5.070638981329749 2.327051721915295 8.438555993527219 2.8861618798437223 0.4481277844363342
7.366082441387527 1.4268181669386026 8.356776443451066 2.164230673904952 0.765027934415807
6.880864326223527 1.8871647276729988 7.33217086526673 1.7524078391685851 0.8888706896500824
9.034863848855952 3.166549297799266 5.408827804849262 3.454973098603072 0.9859521570670473
4.090392481192038 1.6022711781566001 2.0542807718277354 3.4404459598237134 1.1646938553326724
5.052893456869149 2.5641130461047035 1.4542156641822657 1.389195666657479 1.4821735289983677
7.327495548488521 1.8944636827991252 6.280993150504391 3.2745681655514645 0.6063284392965427
9.418535293951033 3.6208022063670997 8.458398773744332 2.5345455343434087 0.6351758621868744
8.229846267224708 3.0736308817093065 7.496728298485894 3.1408057255645807 1.599187608831629
8.51042209470883 2.6214035813460645 6.280377172763131 3.204351420900526 1.1017439529333297
6.2258240055737835 0.8358603568389676 6.955641138427692 3.17220977207376 1.1648039526116611
7.508350843962084 3.0261330354652998 1.121878633886947 1.4919239951107475 1.0864856955730477
8.59440591922742 2.7225402741427143 6.180217402016023 3.9652320974099196 1.4635974843651423
7.728132381720245 3.189024108034883 9.103645061887637 3.4214518072834754 1.1902255723660395
9.158386547915478 2.7985868104781364 6.351479691857632 1.1456006726149734 1.0487874167756255
1.3670137670222813 4.088867570956119 3.9300068759268396 1.7693173764099028 0.8482290680441626
5.410014171235105 3.730335612153796 4.77989450816964 3.1822457165443754 0.9819342738412502
6.77905859880486 2.565449441450544 8.852688980585103 2.6881320350540467 1.2203503467553836
7.496830377869406 2.6735613381835397 8.636321481652628 2.9647189972237946 1.347347495421256
7.668255715836475 1.0945325237928187 7.292141536814201 1.8768817346181192 1.4230947568898307
6.547041863290249 1.0012759910435014 6.6326463855444695 3.3940706086391126 0.7609596725017655
5.6456615254081495 2.059837420869673 7.642417413814336 2.448360636160514 0.7598721540194526
3.630042913688527 2.403119824882895 7.568511198235623 2.172414208033139 0.7406775950795036
8.40422223740945 2.453252969401886 6.841434968001742 3.289617824170856 0.8403687722134123
6.922852489417214 3.263268888974535 8.245702912344495 2.910979752745182 0.9311702140167144
2.5308912113149176 2.8584796877907768 8.634839623656438 3.0575715273118917 1.587936061921314
8.239707308667874 3.0547007189055746 7.8662070139616675 2.552894115008802 0.8682536053438192
6.852663190920244 1.8302137867557142 6.470819268073548 1.4741491244155247 1.5240434400266634
8.300510145149502 2.7887658729443596 0.43673036245219715 2.0813357835420243 0.4864011907731701
7.169268194484672 1.0955242842392148 3.5762514963096566 4.349853779797385 1.5850732540835162
5.909425222938398 2.801328857851863 5.2073478337596315 1.638632858774115 1.3054465331363532
8.225643802843642 2.976820169977403 0.6875994336847004 2.6314822826048587 1.0028831699725633
6.865378849073949 1.775952380967412 8.677445100870857 3.219304842895393 0.6179531116563911
4.52919458333265 0.8934029124518248 7.428626781243755 1.6533471652679133 1.0759206671668864
6.242974412818279 3.737315827099714 6.344677072874001 2.522799281315722 0.9206007725305825
7.809957581073735 1.4569112585615582 7.4845869830688345 0.3398728398595326 1.190143561316987
5.445551532890613 1.6939347755239034 8.51005111946269 3.011782068443381 0.9640671191157004
9.877408785066734 3.7139227981810587 4.914624593963116 2.0788021197291418 0.6094416720665131
6.164826647732451 1.740172931596116 7.196147792050334 3.130674652672662 0.9540148025205164
7.68064039130072 2.7509381876696644 7.271373723695086 0.6343137284400939 0.45050016034351675
5.162211528273611 0.7811933610810834 6.609231862437915 1.8959735512602012 0.5152123971275541
6.786892472473627 3.452071783649026 6.4776585310596495 3.280695549146123 1.1041424311572592
6.170924845274646 2.8066155305012113 8.153156439296723 3.4053167660017736 1.1475498227288634
7.312994975800781 1.4438313046406677 2.4909191089624305 3.556826669061495 0.9061179736526317
4.8414748000572745 0.7812780009799234 0.9110061459178944 1.9991089014275505 0.518631076412359
2.953606181558275 1.2152368682295411 7.971599381175102 2.977482576837036 0.8611501763817246
1.1041358950914897 1.406686474778831 8.565482885293287 2.6467341041525145 0.7837635697893626
7.652647280410759 1.8205504029446378 4.972503493755038 2.4789295324965983 0.8940437080337413
3.5369220058413178 3.5440723904820346 6.1979270393779755 2.756639842542169 1.1703151524313147
8.749237914421746 2.730083440059869 9.026412815442233 2.6729452649336274 1.3189179166657052
7.550516385937194 0.48779908712197717 6.86589384666778 2.5894755806193035 0.516272359303717
7.335389587432145 2.5765727012626902 0.3808477650667953 3.8638766711723544 1.0635866605655089
8.132583468819046 1.8297748768655053 4.89811314338194 2.1077949782796597 0.48930626174201197
6.406524911999297 3.427569113020643 7.3698012887145055 3.070517256553356 0.8205256055139456
4.8925157955478715 4.124703869220802 1.743668105537104 4.306651050981327 0.8101530649641446
7.2099621104056535 1.8332368313839802 8.801390041908935 2.228119265510677 0.4628363140697514
6.756976189942547 2.7314132211020907 4.655610367004622 3.3861708303484663 1.5159178087993097
6.914163572241467 3.8936026303798195 4.6122815947910185 2.713296249436788 0.7544844587801108
4.825390262190266 3.9388568634941814 6.984575026688795 1.4467899084735312 0.43926507577680496
3.3830715238902624 1.8240755831295197 5.809511323467124 2.3959676275224164 0.7674261302088454
4.304452680043436 0.6019071757675113 4.98963450554211 2.6341184738589285 1.485003028584705
1.3977960054273997 1.7501451497399971 7.23942637451057 3.4517532788912546 1.4026413217398104
8.953942273181061 2.79321955873509 7.323559989088355 1.148256460018784 0.6054566826329444
6.516085351757847 2.6128573128582047 6.68990617122988 1.764362670139931 0.43008291721414693
6.983016497142728 2.951974627654863 1.287663667470261 1.9593985694905598 0.9364640196738871
8.629502378950164 2.8043999487971916 7.526349986221546 2.132365004700748 1.5810026401679829
4.277356973945723 1.5753714933935996 9.052170519492924 3.014877109148625 1.1025936840237092
0.5015477477874686 2.4699296311359435 3.5361203287860192 2.571187377748783 1.1186961776601185
6.910269891905521 1.906078181193587 3.0893255050933894 2.38361816479567 0.7034511922616659
0.6163576511395737 2.7899481695823227 0.2584244353369282 2.588672769788574 1.3166449416817239
8.624805257006027 3.4306802074659073 6.5966460500849315 2.577075766273582 0.4533175559944093
7.7389432612244295 2.5609894837172984 4.300805437014565 4.0996337353482675 1.1153491599579826
6.239856096903752 3.5212425306513127 4.006938904421067 1.422447880424455 0.43150658470777636
3.957194008493885 4.214880677319531 9.04478121185336 3.3239770387562477 1.004425140894117
5.6277494375673704 3.223003343563647 8.580180962542215 2.4948499269037456 1.4996515536661776
5.073149904552795 1.258280758224196 7.8904085620764945 3.053657493527756 1.0656846711012473
2.380246334867416 3.0851619973899838 4.240511281812856 3.43186818516205 1.0553889370380205
4.191134308487106 1.4228963279610531 7.966979912678093 1.8883698443606851 1.031028485375147
7.003692528226871 1.7941194235945552 6.699069470481963 2.6801476629846936 1.1977147246798672
9.23446126150944 3.4752642066523824 6.357755277239743 1.3832884665122829 1.1368412502459027
7.9168047946043885 2.3712685397632054 9.05557597048038 2.847423678798937 1.432324003001021
5.299772557784032 4.150587160109812 8.446021294276317 3.4745293506709465 1.2764956439688329
0.8262074140915066 2.511011340178853 5.387867218784318 3.0939984241980723 0.7524743648862491
9.969934148182524 3.5531133011683984 8.714080601418269 2.860847610156468 0.49256757847347044
6.7004879627816125 1.143870595547111 4.618226450324823 2.6534052938802137 1.195890943476989
9.663634864487552 3.644233605468205 7.455128936335036 1.3530791363738122 1.1179746864417826
6.699150166344238 1.183956551379085 7.636824136886891 2.102923806877435 1.1710072591888314
7.611612066622563 0.09409263956322159 5.296525178978037 3.650451954628553 0.9906444880333274
7.342614866966947 0.6945710457422097 0.6615707118458517 2.246445673531398 0.7035937196937265
7.323909451824602 2.5081093768292924 7.233753062406895 2.5451282976293035 1.5510936254319394
5.412756648499945 2.908124949005809 6.882987188807045 1.3745883864316317 0.8035054170982456
6.011349186760098 1.9283031417852812 6.672144155779302 3.5856235775078553 0.9550257089914682
4.948052052747054 1.855950419373865 4.160602798110292 1.6793206570047552 1.0517934263952202
6.210057392654062 2.508061656174937 8.229897760457614 2.287853415750493 0.8812083342565757
6.91916671512136 1.3173727430056252 5.602114754879102 1.1819541080541378 0.6409527631147304
6.513049922094688 2.5048406354449537 7.50270943664922 1.0954403589215784 0.805234617608281
5.241023937013962 3.22914467702336 2.7223216689156877 2.2834353458906853 0.8398253156599618
6.748652038180802 2.3302226523273837 7.4374887917084695 3.0922006996897387 0.8935018335766445
9.116530464476982 3.0358320289487484 7.750735971252213 3.3193186592896167 1.277592379999623
5.1491178572288305 3.187111801816394 8.450072255266377 1.6942539184577188 1.1338725425709673
6.383175453894875 2.128149616395793 1.3694361676301323 1.9009938310681076 1.0216403973096075
5.364435986284779 3.8089914471398587 1.932074731183205 1.7979276461447613 0.862127759102419
6.993666059975618 3.1818995431200143 9.028144139757938 2.6426433522067256 1.099211521848895
8.626093123509104 2.8096743686277126 9.008200204501312 3.164680557361389 0.8447038222326403
9.319755516330533 2.9815652673294486 6.377359988180065 0.9206975978745291 0.9614824286069559
6.4922974309118056 1.9532910242655042 8.220797508810913 2.5935202392531598 1.5453565228252213
0.293718468391681 3.8964419102734396 4.323443874091148 1.0311419427823632 0.5768006316726708
5.59052764356197 2.8887466925589327 7.798584439712268 2.7155007153476354 0.7514414427647773
4.983070709928594 2.5855709788401704 3.3894397269561836 2.4506489916900356 0.7457803497115387
2.5291389972671707 1.4248956703165203 4.702939059925786 1.5136596112278342 1.0627838107038872
6.9553870079695805 1.8449113715221803 4.006818139177794 3.9010099897654946 0.6065774338014698
5.792754096142307 4.143262303765035 0.2973185506201695 3.8641457722872246 1.4126144655517092
4.393778514549347 2.8702965340548503 7.756491064074681 0.8271607429857932 1.3850478605899261
6.542391342570997 2.3630587548550577 7.34108625771914 2.741355676644481 1.4474473405945945
5.760934130913031 2.7915036498098247 5.1762177335093105 1.2312744082990186 0.8486167206598987
7.287613737289241 2.042846011244969 8.300619434080666 2.717001655259687 1.3689433538541238
5.958720021782546 1.203024839726324 6.554604957636316 2.70959509487297 1.1200751121321317
6.0954420813007095 3.4138043126824114 6.1600715371856225 3.0994587534778706 0.7141197788324403
3.5978986434360523 3.133484228963633 4.248376368492901 1.9137111225780044 0.5221791694029859
8.129799975379076 2.5403761285986635 4.733230595782356 0.9407665145364467 0.6564911320154346
7.310668553537652 1.4783089605521664 4.382490537486244 1.9785827888785517 0.6245773189658613
6.768415318672483 1.1555058243628726 6.696193291915163 2.381438344316552 1.0064124366705651
0.40005765476833716 2.384167993810287 0.6425919445947728 4.026674042049595 1.0536288303089312
7.65249918808406 1.2823273674339217 8.220685918736448 2.159161228830055 1.0461439258799405
0.7885931858483581 2.657804701835013 8.084606292255966 3.1568661229889003 0.7563797566903219
6.933736302349394 3.3017174200238237 9.106413104270901 2.932047137775755 0.6874978040703871
6.803727078310662 2.1390922381638684 7.45061216724702 1.7392756445710564 0.679522743400125
0.21579444846108548 2.550003604669264 5.269027108024507 3.3425926091350004 0.45643158151255997
7.201454746085135 3.2602903606104183 8.835911184320318 2.321626579866313 1.4715348980970704
6.60752086548361 3.3855711521542977 8.126067074838975 2.6947033086665098 0.45740550596115365
8.975334785636456 3.1999745250570473 9.029587022790334 3.178266034425273 0.8361408217694536
2.961695514577877 1.691884796738281 8.2208383464803 2.961768336608423 1.5756189412612989
8.18513063553344 3.1697530187685916 1.6181734728724602 1.7008231194122234 1.3093511013375723
5.927560488563354 1.6791234935186858 7.340855178936213 2.149222412459762 1.2912862550141349
4.6986141611858185 2.7701156709129147 9.88741680611071 3.8351291915105135 1.0254028816200396
7.001147166706187 1.634067106969136 1.9904812656554167 1.8932429777281325 1.3291938254808084
5.0755840377951245 1.7309802855584175 7.486823233784897 2.0761525493382114 1.545229387773532
4.851327255138248 3.044218010218495 0.35130295359812075 2.1646848596154475 1.468959130717808
3.4222605093095364 2.749412225367696 8.99339700043158 3.1062720573759104 1.0697276264135693
0.7762050405615328 2.072894007313183 6.5207257558545875 2.805292070675148 0.9081433947531274
7.888703861813629 1.9278271467109218 7.012416998369465 1.9316242709499418 0.5202680751601266
5.360585242223409 1.4717546992086936 5.718930049678146 3.172424563821358 0.6974485109902153
4.30896177662901 1.2792349338510922 9.196560733139592 3.1722414596228212 0.6843923516694411
6.713702674318286 3.318332135436954 4.181587695647224 3.7034537252571083 1.1848130835691313
1.3894021897595779 1.3468504966457133 9.159453360346232 2.679135777348528 1.604653076590169
5.114280310629013 3.3918888214999425 3.460211731792761 1.463928796920208 0.5981708321723256
6.776869207893385 2.3153069649140514 7.426740534773702 2.961461222296286 1.4010773100919938
8.626574393245052 2.9662624843271126 6.7215609927271185 2.226116008460565 0.7216524290477642
7.263964565321783 0.9033266443671002 4.862197169198418 0.675984473011011 0.9222612593308461
5.898643950193541 2.306566184546253 7.257540912327665 0.48164833625347214 1.022462626380811
5.659221403204907 1.1977846247531194 1.0947303191169522 1.5954832191593704 1.045734992038385
7.30790997646678 2.433287177932841 2.529481417720168 3.9489285980077042 1.5289807309781018
7.010653303046909 3.0721122943768955 2.0627111905124713 3.3556659143859493 1.2454577488291219
5.909385237285632 2.999365870182153 4.5530921166181715 1.6985937250594398 0.5821544550544626
7.549149214801126 3.0571192336280175 0.6298896980541528 3.901280248749396 0.6429805953394275
6.979483352140659 2.617724151145589 5.762599085238546 2.8807804022352914 0.7959785562381725
4.6720705909559825 2.076358190549342 7.385567963756919 0.9491023348256744 0.4651381655339106
2.06502648071417 1.895996765891597 1.2664525360484555 4.076770068443491 1.3561843750532447
5.593180013620569 2.374703744577419 0.5344245487247787 2.332176217308059 1.2244252411160435
2.594308489296873 3.6983627613944163 1.6701070544577141 1.4413677402079141 1.464546775753162
9.106667901765983 3.6120209259953984 4.721079673945432 2.522020778815911 1.3709492855669947
5.940096718270942 3.594643197942223 6.417596576601006 3.4890047108516664 1.3854077815204726
8.252139455922583 2.633951612236864 8.60639651172971 3.1115703350480888 0.9960936813604027
6.694817962145948 3.028252127998236 2.7764330130738566 1.7425695914282116 0.5916771459379668
1.1387008438745128 1.443690078223986 5.502353689874079 1.4701013137234935 0.9365023873066161
3.7028126932767536 2.1399238683941393 8.846489037792301 3.100579338128443 0.9381889210054546
4.892302460454111 2.640909864829163 7.333567756178988 2.056472314417977 1.329646013620602
4.4329145999907675 1.053945896985983 5.4782833535082 1.5435321469629804 0.9913420209387411
0.4666112880174405 2.746791863490158 3.132740372121016 2.0779477319323383 0.5700732282168306
0.25494672947588715 2.706133920210692 6.966765395173498 2.1703002730752634 0.5659510019951488
5.767909217643941 1.1589625798498937 5.018982651573947 1.0556669461821357 1.0896231160233336
7.268722736489949 0.3757413115474363 6.70379719994471 1.85105377841766 0.5178111966429599
9.074527745506012 2.858791406473773 2.409143834324994 3.9279931475764567 0.4498407520212555
5.477249262446133 4.245716609411184 9.279509405933046 3.0866157981738973 1.3691208158741162
0.19559769638527752 3.7075357158634636 8.997341889900376 2.7144325576211985 0.8403926989217348
4.826338574561944 3.303295474506728 7.096997480135268 3.3414599289533706 0.939611747847793
0.25400212088736185 3.98035780122574 6.831943085663365 2.0508905387699072 0.776699367539999
4.573077997584632 0.8105412952498169 8.016369265419366 2.676171242452943 0.837191432217725
5.939851208220198 0.8877858349415856 8.369640554476282 2.945414995160262 1.0093944817791782
6.290200399451549 2.9932543806551455 9.228918067933767 3.22228679844968 1.2073755515840001
7.8424759883985224 0.47090231191914267 3.1880783944199296 3.0232128398602 0.4677481118761123
7.038815245625754 2.97106031198292 7.138569215746644 2.0994638791639613 0.770803002123682
5.847126769758538 2.649284297150956 5.05571727410721 1.2773858363013129 1.0961704453411953
6.575331604929919 1.8627239425915918 8.387609166060662 2.9766384193340274 0.4169281153430966
5.651873754447463 3.115647574713147 6.39794677213457 2.163385398522922 0.5021986204722533
6.630466825586794 3.2158698780103605 7.968418907535772 2.725671851330033 0.9530726452702369
7.846620817571711 0.8853305123838447 6.088323483263886 3.2480017826212833 1.5714860692223616
5.247367454700847 2.132446858912866 7.599486369465013 0.7051934339839205 1.5665928887244192
7.454521644820736 1.6265065575110045 0.2437714805514261 4.1726890667112615 0.8391086510122439
5.232871109171612 1.1936975244381458 7.253984343854516 0.5232973342140619 0.9792151916074687
1.0000415518112624 1.6349507814871165 8.93431197211405 2.393869179151711 0.897395629991481
5.363189429221789 1.3105089855102794 5.127023849568239 3.2985586684596213 1.0669285747872213
5.424359245859556 0.9730510442934344 5.9568828402452105 2.8143402018077235 1.1939079583153727
6.54112165686467 2.949680945046828 8.191437447894932 2.934846514050711 0.9938590015962538
9.497581687922779 2.936649226919587 3.0126140198261258 2.0251958173664084 0.826425558440731
0.6656795726251163 3.8135877243138205 7.748105126467239 2.389835970458332 0.8256955104651749
9.456529667426025 3.327813915842587 0.44478736857992407 3.417559108844371 0.7430761791343008
4.15992480047738 4.144067142902749 8.659305040616633 3.191425795952672 1.202410613665879
6.996807494392855 1.4144640515775915 8.429143616108096 2.5466613845608395 0.7037408369895746
6.271579090463591 1.518624823595939 0.5826755068136346 2.3023953203397474 1.4805235241388406
8.977626577514535 2.717251431262434 8.404145849130288 2.695677777411555 1.5356452323043026
9.18161302384906 2.8454650815541855 8.557441955563574 2.6920439787331363 0.5146183724853665
6.665329089741024 2.82041036786906 1.0714179205728862 1.6158101221803767 0.8260387751573379
4.703567442341688 1.218860784737879 8.14579703896352 2.9716690824446346 0.9968512643645135
5.94908647516704 1.6310374089187825 6.074335300638733 1.4373901968528506 1.2919162678637242
7.449737880588012 2.9814709691634427 7.439459573018577 2.8986485373357644 1.22319819113133
5.867643193622334 1.6535726022510326 9.509426365288537 3.2152201474809097 1.0866162272874347
0.42221736883898775 3.0866121374113304 6.929836188427445 2.084634451662873 1.2842160515321648
6.400841994525534 1.3491284369464427 6.768555518208042 3.3756088691332797 1.317173304165576
5.954085610652312 3.212260397808243 3.0718082091670853 3.4429382768635777 1.1073823470450375
5.036351296517913 2.7059954657549103 1.2705083857427861 4.019313890685381 1.1434294912643754
5.2026101400169 3.2474965973534218 4.850067230697692 0.5373801123763824 1.1789308660179612
0.6004785810356916 2.095106408396827 7.773753067619594 3.0987330666074677 1.2507052937565035
4.910108458581352 0.8074710924440016 9.453949894907366 2.827430668389046 0.7232309517352775
6.363810484344406 1.975047148653657 7.584097433206503 1.8884909078435452 1.0955690098272337
5.171346739383687 2.683421766796929 7.398665951649802 2.3772148070104935 1.2438986893089856
1.0381038975748362 1.6077473372877251 0.7932978465001463 2.292377849965876 0.9776034700546983
8.855770107106256 3.024364520850191 8.10638290134682 2.9728527761783816 1.4636274645944027
6.229616104037713 3.5544061276177294 0.7157961656719722 1.9966026148862115 0.985298279717524
0.23637681883215012 2.56213546424505 5.390973885240919 1.3198120401274083 0.6945550826559506
4.887835748061329 3.924649239552516 3.8648102218797598 1.6112145259431374 1.6013241447964612
5.559123355357503 2.800986488117767 6.2162193435136395 0.964597685323962 1.5187340142615884
6.999844051308825 1.0762733701390756 7.087707811735196 1.565123838589533 1.089969359372314
6.95553366288049 1.9229361757520835 0.47601834681232646 3.673733603249134 1.1749231605636585
5.78159912320282 0.9379375103809751 0.36112492536835394 2.632158007771688 0.7554859260984343
5.25183785219924 1.3229246616748753 5.460297951033057 3.823606451001442 0.4597032329027127
7.737976805037403 3.2401881827118335 5.4587460978106614 2.9377029126136356 1.0965838395872018
9.729639605314086 3.5711115017571533 0.652889429242166 2.5704124751483426 1.4660766644665797
2.009433970939104 2.4630166552483854 4.743869701641641 1.4323282996011066 0.8344435114362694
8.17111069413256 2.71244636607597 8.202617279798508 1.7762143912665889 1.556537889840439
6.87805563459268 1.7962739546877171 5.728660559567064 1.4776728146826232 0.736542217766146
7.283760443060369 2.7354812279315994 0.4193838017533744 3.767033224310108 0.7600665851518609
8.412926177262065 2.7824586135539944 7.863951523115847 3.4127070678436726 1.542105793263534
9.100004823599013 3.0101890805704725 9.413195877483952 3.3519461896992637 0.4808289043461792
5.068843456243862 0.934006343110561 4.675023292138243 4.244838759796378 0.991749411051124
6.21231172693148 2.3251390989388074 6.53748248515528 1.7449937153709951 0.546822762660307
7.718183664024593 1.6607249197631577 8.706550760701347 2.756943607773204 0.6817708173515941
8.033536533071485 3.3542237217523887 1.3742910968218796 1.485526447263165 1.3027599242891956
7.113515961494413 3.3903230075580804 7.163906536654413 2.3048544079075635 0.46107116133700615
8.930281867583695 2.630967192924029 6.729384091905257 3.1558788397085475 0.7042691827965003
0.33094428308929025 4.293266429326354 5.3011001908140445 3.354613203236297 1.447847390087452
5.157410731061287 1.8627246967540236 7.321331715988489 0.7016697155318141 1.024249904371498
6.343948369560891 3.2537624643074254 4.7997974877549625 3.2136644683565714 1.3371274035609593
9.06707512902272 2.9734660133066635 6.927461412631285 2.4318735432812106 0.46821011537959334
8.366241768583409 2.868102205674437 5.482318091849032 3.4201723073527384 1.2419187364016517
6.247247689375631 3.4289979441868077 5.115879520414471 1.253278050512673 1.0818544198924749
6.761699654648298 3.270399834581568 7.811401533691022 1.5427085389085646 0.9244840155914584
8.31479662884554 2.609448807473886 0.3995318957485562 2.2013370777328083 0.9578756192878266
8.240869323382679 3.406224269864334 7.156641302301494 3.6642996870599984 1.1982859911681292
4.96830947873442 1.173173746879087 8.772067873926378 2.718296780411205 0.904653248611631
6.079122111224866 2.6453238266564165 5.380712724304751 1.7084307137374748 0.8740298295167963
8.4160608272869 3.454011737806801 6.423649778827898 2.232318591515084 1.1781596336315847
0.665336078992716 4.26857473207892 5.977461135046525 1.1851837282814501 1.5641100244177866
4.716164552762791 2.106276262154475 7.165149410106931 1.156002348293057 0.6891700858261489
6.561773294134955 1.9948825061768476 8.177894019273234 3.005529551381942 0.4687341730811241
9.526239130521805 2.98451776522652 1.7345212505452603 3.2017294319457936 1.076223195488959
7.362164056078179 1.732958865112237 6.720194903749104 3.063094110363871 0.5745908828813997
7.0847042988005695 2.5847638652909755 7.127494138932824 0.9571282208248648 1.512086662837671
6.775488963342853 1.6482309650206368 7.555470757778743 3.0753739865687058 1.410950427603616
5.008420100062347 1.3283753272478123 6.955312500218503 2.972610422455448 1.5090060779006174
6.4809035766171785 1.9525850460576284 2.0876959161998134 3.4184244907815047 1.3212539331794015
8.476159931233987 2.7778030415287662 3.4939803953829194 1.4757996061626013 1.2339392855696998
8.905435240980022 3.374169125702993 5.440989487608998 2.2708386841738135 1.0768097464290365
7.192576665338205 1.187531898798537 3.666059992914218 2.822560846047502 1.1844138809218208
8.67081706655026 2.8933154867259576 0.28290901759250653 2.28805107378772 0.8518144833516469
7.135677283913684 2.136768880630765 9.261738951768878 2.8490332086411443 1.3339069329165207
6.156219589400652 2.772236845978754 8.932004518827885 2.9141574154799015 1.3516851595944892
1.328221584573978 1.560527857144986 4.762351441876372 3.788380654145737 1.5372259660782244
3.3577639405723754 2.537993011070213 7.203664868870763 2.4455510572962886 0.9938822448486087
0.289635705564045 4.184047033821303 4.235099908792002 3.802209888405995 0.5848972065928607
0.8829892217132618 1.4136145535798539 7.676285716581906 3.016949253365006 1.034305314021296
9.166086927176462 2.9807758185045237 7.132716372547857 2.4806630117502664 1.434287266942253
5.027075201888097 2.135554737680253 4.052329924901321 3.4571183573550033 1.5134265217691218
7.54832211911544 0.7672734112061218 3.3386804934646532 2.7501269506470436 0.5551914577656377
7.159472925123995 2.9718715238892592 7.286303434501021 2.9203901130549714 1.0255930744724455
5.039785458202807 1.8103758745265137 7.169626533444405 2.492277001529151 0.4662642420391269
4.219094107761555 2.354082356644404 5.010050097865288 4.4733317038231935 0.48247860326640746
7.000877549648487 2.9807250975881985 7.290692047895878 1.859672995801542 1.1230110780117701
7.154945461596256 1.5432691426113687 5.728846179591382 3.8563491814715256 1.2555395244145604
0.07722928294889952 3.732228582927052 4.226556414765056 1.6723987356681749 0.7229052473051402
5.915627931053864 3.6097591023008477 3.8533288864988955 1.8996292519981155 0.42088743656761796
5.873524009845885 3.025451719044293 9.738644896363581 3.6148035753860834 0.49269804575548715
9.510738181270968 3.415908827189428 1.438213413159252 1.4251273284006007 0.9200919822700093
7.443449533562848 2.720060280306414 0.249304173611736 3.5274542956103074 0.8375027649195239
3.818726302140089 3.6921377342410695 7.76566758646744 2.2962200460554065 0.97793184796491
6.871034061976389 2.6309051897391855 5.705024522337685 2.5037506810718666 1.1157183366932233
5.114836049052425 1.6264198579959195 7.330177760675968 0.9732055044262036 0.6393643050242535
4.319938292288971 1.8418682410883165 4.482641005023965 2.0051530552076082 1.1450716602984294
5.037926624632042 1.171293443698099 0.4631003875745839 3.4756526834065524 0.802951915480518
-0.07442375160190498 2.858905443333621 8.945400782181528 3.063166690402176 0.9961743643589493
8.700657012499153 3.455997065771152 6.056919157042607 1.5709278871920256 0.44258345610402045
8.554406531832347 2.559423247422759 4.1813316576832475 2.0525889054174202 1.4469791465897317
8.064097955230615 3.3069897084811677 7.857155848904408 1.5573224072472591 0.6756010141106205
4.949766635182832 1.8837296247634125 9.389188262964359 3.2291717408608327 1.3606661950772778
0.11998275134973874 3.265182488673243 1.0195462007542297 1.558785176477743 1.5125243199325413
8.566363745614805 2.3493211372499454 7.610112023202693 0.21798718555119356 0.8381642691882706
7.87002957044632 1.7588011208028358 5.632477894108476 3.7936609378596895 1.575686570583691
6.807686339291718 2.983525762595949 8.599246072255857 2.7745729836417885 1.5598391372133078
6.9110766813863584 2.6039731750931088 4.885196685893036 3.1645802855205387 1.4710881362244825
3.69435829080838 2.457881422305591 -0.10115255928710092 3.4346226557845 1.5619606653974882
7.339599049730496 2.2673087132396197 0.18991413415678376 2.0535139884961082 0.5507339418568172
5.067780099799928 0.6718116416509473 0.12557108992063315 3.3940267057939564 1.2856939242806333
6.8563043099040994 2.9329689361495093 7.8373317626868575 0.4532084515987404 1.6086754416263909
4.776449277298578 1.2382056426440788 2.937944672769589 2.9268122575898134 0.7414751088617302
9.238686400290838 2.810922076026841 8.16142236116621 2.314099691451285 0.4402778377146853
7.636436620499689 1.7572594983596304 2.1450927587463813 3.484234822010083 0.7350539727871381
9.191509295513676 3.132270604464316 8.478593364191939 2.657352976466303 1.5341945536480333
8.926703589963214 2.6922534903739637 0.2016128458408321 3.5068314396962976 0.4596132324658393
6.828365710614857 2.6168639201688166 1.5077170734937853 1.2929060116112083 0.9467715193547108
4.704807972554125 0.46645497643924216 9.583994833398561 2.757376598170635 0.9430787969941823
2.442785871461896 3.0491025825751583 5.182166506465068 3.313869031675744 0.623612555857144
7.0329550010349715 3.5146830449116315 1.5367097461121904 1.6735048917110067 1.0876201353129615
5.397838071177394 0.8504242675261594 4.844680276040599 1.9103563821326501 0.7393173619862803
5.392100830230532 2.048922212375934 4.330241281564364 2.801529605682314 1.4332709363305354
7.370820764197165 3.031590273573926 9.119797408436494 2.582543318014366 1.063919972974134
5.1069932770048405 2.006585286325746 4.621533336765136 0.1851605658464478 0.9281853348288576
3.5878002435457432 2.908000822561801 4.8721212365513145 1.1280136120225637 1.2412624609101826
5.2560754465779445 1.3599665943233847 0.20817811926926444 3.408682133390701 1.3781104114214158
8.366784487457915 2.5304014886172053 4.125658926820322 1.7307865978413584 1.5382305791264768
6.658642608540406 2.603026101509523 5.530781305201793 3.8296080227283937 0.5629426141223329
8.59670906531845 3.4875922060277276 5.139926698164151 3.3018413381048353 1.3704672285589377
9.10989626921287 2.75901037205527 8.871595057664186 2.7270407951904163 1.462091469357459
7.568070515858208 0.5099018804497343 5.895749013838034 0.9538532343264075 0.9964382570566115
4.153401124874388 1.9591389074987304 2.4671518179286664 2.3831750832206944 1.2003117689569565
7.574707803459216 3.1255483105009882 6.998812574555158 2.3168152377375786 0.8511966269435268
7.639762050260613 2.8513813992070975 6.540594176891368 2.545187490936383 1.2386989290205692
4.658617277221311 2.1787910304064164 7.008181244303441 1.831338325491359 0.7252134977673473
7.13820437921983 1.9708707643896868 6.5240953086188584 1.9490073351924644 1.0891468138751028
5.263970519618492 3.1674953618187125 5.137213477360165 2.753096789522286 1.5548731935783597
0.69296422210644 4.210113804511531 8.552047533706679 3.4446983556317647 0.5710668910155644
7.685327993709814 2.1894550138963695 5.168128519126976 1.6969658646689065 0.4575890148523904
5.972087073517701 2.5367897512609647 5.697158333510052 0.8665208664374126 1.4409253309244234
0.9943376021038538 3.517589436379563 5.091229669078975 3.3380158437074163 1.2864837846615975
6.874843974452033 2.2065399492359368 2.4121077787996574 3.506051656997005 0.49918410859822765
7.51817008522492 0.4545977181195696 0.7544974335861335 2.3507348112995623 0.8941983762071626
6.051090256471327 2.4426801795531223 8.679153567326207 3.362894114548112 1.0522809144371208
9.64964931576314 3.034688209765539 5.108233226611869 1.7074366972495978 1.2668073817247978
6.987940456640714 1.6705694855741289 5.649024548355254 1.8108700710056047 0.5673345233662673
5.0168282022759625 1.9698353489716753 3.7573065426852414 4.413097810156331 0.7459110602585721
8.477319535356228 2.9623522002655154 7.326342400286545 2.233563850169951 1.547471866960825
1.0669658824624386 1.6607891024920467 6.491299379123183 2.886022118175956 0.7699709748932122
3.131486746501265 2.939190070249196 4.664313444393516 1.5831670697707205 0.6657602847410001
6.340635094756969 3.2013174829590114 6.798886680288703 1.5225685744189588 0.4675428537301626
9.124518071149136 2.97919576863019 9.24516167108458 2.699700289221931 0.7396652137283972
7.743139850091351 1.6491768780476206 1.5258284069587256 1.4983337277907518 1.5076333180471233
9.513897282469792 2.9060298446432893 5.7753071228840085 2.837106901237185 1.1110071225082512
8.459372230579369 2.1194674705718546 6.0604748642583175 2.8493444906622813 0.6556577666191806
8.787316054554767 2.5203341163485575 0.210465032372102 3.561221089847339 0.6658524282279233
8.439413251160659 2.5560755176888055 7.862359323219549 1.02919676567089 1.5568188725181207
5.287682805213511 1.2455315208485214 1.4035683241556856 3.4291155547720678 0.5903561649268972
5.813679647825522 0.7838492783881852 6.726679167593118 1.7405596280977396 0.5494885105501809
8.958423141784012 3.1502740636268984 9.091932252380404 2.738020449699994 0.6669281798215708
7.854679021875104 2.6693615444331797 6.650594683559743 2.0179330417752226 0.7854536298996644
6.638239448674064 2.818240139022816 1.382779229501564 1.5278147310695616 1.4874642108916754
6.168443444156435 4.057319235707236 7.985120444159282 2.0473885179802407 1.1050574099085078
7.042606824550462 2.201829421117 5.490461985060636 2.2651125952763507 0.7148631500994883
7.877758455722175 2.923641972977148 6.199111585367195 2.6717772089289906 1.4022777925006076
7.526059673755567 3.2295407490459476 6.80869700992308 2.700509899830232 0.8561270715197815
8.367038598410637 1.8627809666396073 7.15849126927713 1.303726878511695 1.3179247491341877
8.038107305874965 1.6978767674017927 6.157260458869659 2.639295247735243 0.9716412215973287
7.104093565084134 0.711894365219898 6.246124084676999 2.810788461459332 1.55939171101023
4.985772209930536 2.786987004413234 7.74508748593857 2.562799126196191 1.0221717038289526
3.0072817647081997 2.048408069166709 6.231468067565142 2.078599376426186 1.325204696486188
6.559153152624898 2.989690650765105 9.125595994696821 2.7282695749355588 1.480577779663318
5.604236228082842 3.295698825712313 7.201397286535548 2.6760490299969657 0.48066377082797657
4.733857511751048 3.934264472023454 6.947120655029167 1.5521694425913592 1.0187950322806056
8.455235910349492 2.7218947609258826 7.6683474449548275 2.8363085695953227 1.1663888700354934
7.154500390656397 2.053993953584475 0.38123446317029513 2.8330661440929816 1.0988110272130478
6.995210271543034 2.0532339775749575 8.170741420324125 2.8932051888692634 0.44940418727644266
8.774335423490038 3.098995518741803 6.026434600178277 0.8656510578008523 0.8754564376315266
4.951865450528813 0.28771597889532735 5.897835317771805 3.4392606541743507 0.5926227706506194
0.6716578628005129 3.7880056122465313 8.436182402885581 3.183539536752362 0.6724419497999015
8.15233259278606 2.9656044443673157 1.2282877390580886 3.491354850928929 1.2744012088698784
0.3431262649427868 2.0767705327311603 7.795067754564149 1.6882094060247912 0.9067032576119862
9.168632074413184 2.868366064505403 7.036457253221372 1.8604598580898384 1.1376675479233935
6.405668775092596 3.4048384069951068 6.340162596219242 1.5979676466230646 1.3742431859270299
8.138211398184637 2.4292989719165075 8.02364337629779 3.1602185127710176 0.6338990421533728
7.315060999375834 1.9571436799351984 3.689943045079073 3.5428374030487744 0.4907482155937854
0.38035423375582383 3.56688745413029 7.793768612696753 1.6221934000798939 0.8802137049208725
9.485501898443646 3.5950699615425408 7.857143692567962 0.6892013560406756 1.1952988698201505
5.89661496490018 1.4258025003744579 8.395878403191745 3.2023615748731644 0.7763106558888375
6.2217595360048685 2.3052310826278477 9.118835221433566 3.3914958321134394 0.7351201789786231
4.52338283012255 2.2478215408107896 7.281582341826023 1.3542624210367982 1.2570831820669912
4.040588771343096 2.67788845330787 4.740833336404634 1.4715887253544246 1.5156528367405104
6.273388453501387 1.7760283184462018 6.755838607705289 2.6346018077642483 0.745554281987824
6.032990540312825 2.1284620872532756 1.083335916717588 1.6324647242188313 1.0584051096914056
5.38772964874053 1.883211410617562 6.631075178735334 2.18394246755778 1.5296458102133998
7.831219022686208 1.3857479119126814 8.067846321763936 2.2685630283664313 0.9215596164053337
2.1749590648051105 3.257996554146506 4.448033716556744 2.718201592676275 0.6735494385307726
9.179285720659562 3.211237245667538 7.338006021331695 2.8467374811261728 1.0002295300901456
6.645685554911717 0.921518460888753 6.930453863123103 1.901508837209228 1.1029885271373365
1.0772239960435033 2.619573128466011 4.626947589389544 1.8166230514928325 0.8583696132446446
7.86153176144213 2.6056966233762364 4.881191002024916 1.7280264820838662 0.9124122986932806
7.40546873065723 1.9167652156232153 6.497177694152849 3.6023082395603647 1.0525677544256904
7.536296328140897 1.7686978394154607 6.0026971707908645 2.5772104674204526 1.0328061952457608
8.796252021158567 2.982652647982305 9.091401481265923 2.9065864490696276 0.4585113930138506
8.666261137736354 2.718313351442759 3.3158580820424692 3.5941488296613446 0.9734827810276807
7.917331454869677 1.2880624437516737 0.5704963254683447 2.665008042923853 1.036475906732122
6.216443407764449 3.3213513828021957 9.026875845403342 3.0287469586376394 0.9934907819287118
8.03260427347964 2.5044789390029267 0.5445201292760921 3.3335700871341984 1.0026353291930652
9.848915924455959 3.671083865204201 7.485918921051216 1.2433733246197631 1.4766040335250428
7.292732651839557 3.0516919323575453 8.994251450300421 2.9690548502698655 0.5810572987899888
5.185328672875331 1.752102075823391 8.36695747697601 3.0004276360983773 0.7387401856433856
1.1703634712994881 1.9442436041765891 1.541523908682681 1.4204462682074113 1.2024069798541681
2.8247592392257133 1.4759585221963794 0.43413222771105237 3.143353051231546 1.1845487884348254
5.1368008404392125 1.1581139310150235 0.4215489104062521 2.190521263885193 1.4135747183688647
7.249478463293196 1.4970147011586756 7.9164602005599445 2.2720591133488535 1.0288541017481738
7.573913445929611 0.7393220966299974 6.719498189235781 2.367318632985765 1.0843788201273947
8.675838216795794 3.119999564066825 8.619350948280054 3.178360630351743 0.46430075249728436
6.46214050880095 1.007740383254093 7.85805188114989 3.502859687422575 1.0982548384688116
7.9279348762264465 2.5312081389192143 6.414966795396078 1.7987213066375523 1.2540881745307553
6.586582299873624 1.9667330993473366 3.600431428913283 2.7081700342446458 1.5823603204150847
6.479863480805119 3.0443253941582125 1.4612109407448175 1.4778014128321602 1.2692949897693093
1.0896398629704644 1.9739692059871277 7.433731929548988 2.9920074573199487 0.4238899937104944
5.256085937241005 0.7852066872069757 0.9908990673019867 1.5537193694438796 1.086038100051622
7.489635346980355 1.2901740803877755 0.9810068172827568 1.673920801119813 1.427714385055547
6.075146116913737 3.305463620926545 6.29935512990846 2.6148464523549286 1.5504984295870126
8.144862778441164 2.3167515322385808 4.002043955604483 4.010855458540283 1.3318534509258935
5.9794397097340095 3.9036309833549634 7.318309875791156 1.3200265777540103 0.8726688423595697
0.4831913946449175 2.314360077003415 5.651491252740826 3.85848129024206 0.9726966504144945
8.211134808683383 2.7310601783694035 0.582738582552133 3.702171188298578 0.9049839265680015
5.47204882425643 2.3609393285443625 4.655432767901142 0.7798629973002607 1.031983059007113
1.0077276270237125 1.9054857377469347 5.316690116684546 0.8624541894381359 0.5412214915117675
6.824908088736937 0.779618817647753 5.7266988099645895 3.2400194829313556 0.5158911312558411
5.01043354623607 0.8580080575100508 7.501923133902479 2.52691419975967 1.1805279240098847
1.3207155191810211 4.177720720774018 7.819589628843797 2.1686194296388512 1.2244591328392829
4.1140662788423725 2.61064363860999 0.2703948006633098 4.220548468913569 1.168012774966583
1.1860584766168332 2.025545849310577 5.659023240861197 3.315199683922943 1.6072461767889887
8.417868144818499 2.3878842379414844 2.0111923764880526 2.6389726297242158 1.014551280970844
4.598419290536217 0.7274087222907999 4.5156182405393706 2.725458998386753 0.8174484382501921
7.562573294854465 1.337499642568525 7.709496616882499 2.347258099922176 1.0039642835704654
4.219970606114972 1.586997702663998 6.01554069306574 2.1034204179162064 1.2295207667448573
0.7909805287392444 2.04370135811029 7.590920614118579 1.30197124489275 1.3171563123388967
2.2456858521291134 3.53106680251147 7.653311807000357 3.0230735331746423 0.8631515058253693
7.6401328638298835 2.6469271399304466 9.160539857631663 3.4414054987895226 0.5688652522009683
8.28664856828537 2.8272931731342146 7.445232837972348 2.8340397940631994 0.7954148376426086
5.718839207318079 3.4441490169387943 3.3958911430282823 1.0346156182693758 1.5863486306056906
3.3490827532882603 1.604108789252628 2.863594475740207 3.2226405237076237 0.4831932141847698
6.787819865029434 3.229916507194013 7.5183753011724175 2.5090376341882576 0.437475166303463
7.390630213758844 2.6867965026283325 7.936323958690685 1.873838138879352 1.3008032606840603
0.26654614206620497 4.202404743128471 6.848099633082494 1.6989835719541637 0.9931386528153106
7.11696539333788 1.385776030716728 5.1066523884071335 1.60413153695337 1.0645606302089399
6.872316614982744 1.551303863345618 0.756539272805659 2.608614429791568 1.453467941919068
4.663474052641235 1.6966248949960074 2.4629627679578214 1.7536180031314976 1.3481686095956635
6.345959146301559 2.687711247891865 1.0584520465063931 1.8922930455853901 1.2955023845376374
6.71237375676304 1.9935144236868916 7.079753719994177 1.5277833317205978 1.1333909805837303
8.671556926760031 3.294809820804671 7.128937295749749 1.4058637362805926 0.9491102353031475
1.6407361618783582 1.5553076651607098 5.287456158113123 3.7369515506485724 1.4023478731616703
6.1404321340556685 2.135883328352037 5.562337534820856 3.40850348935211 0.8079652733187814
6.855038109813643 1.3765251473632198 6.662100022729808 3.157459580420968 1.2871589837881259
5.980880203051129 3.191272106113092 9.135900306330607 3.1775809161644317 1.0133691988045794
6.780564838194768 3.450998966180609 0.8045526924719093 2.4741828634768437 0.6341474717685942
3.717447335568221 2.5962597172624187 7.0450687960127425 2.4582428364366256 1.543591469628769
5.2054621210674705 2.7669134330451346 4.560718814044082 0.7875932946413988 0.9685251495660594
6.2653913252467 2.307023507394203 7.742031837906856 1.5743389081292154 0.7557450643861832
8.340849981598842 2.9778774927904874 8.903494766749176 2.868249489724344 1.2509669625881477
6.825629277282736 1.149365557342434 7.126246929012075 0.42702214428018265 0.8363033874297753
6.4395209459180425 3.012316233701515 6.269911691408335 3.0129497489567716 1.094268458691648
8.04371508752179 2.4098712690226383 6.971985964574804 2.280181408107046 0.8450788863932868
5.350039764259415 3.4192087929236568 8.753540041246133 2.8064699932185118 0.7956972559265062
6.599992245956957 3.067300755070818 5.825482610624692 3.6423701351624036 0.7878125690855736
8.746230594501952 3.0930538875171756 0.48049043186809615 3.4065386100113275 0.7655041116965782
1.3376064726058345 1.5039474958453454 1.0655761171270939 1.651987443052632 0.4905556559653422
5.160592654056478 1.348220268714408 7.852070792906207 2.7163593763219884 1.0178598396772647
8.129618759243154 2.1648150877513825 7.9781871158258015 2.0141351471577167 0.9818546926931455
1.0272630740153117 2.1825293405276525 9.158792092693535 3.3522867965480456 0.8372554513788888
9.138217148231826 3.76501964785063 6.95902342246732 2.648867948880362 0.7235999601359522
3.022844482663899 3.5249576663632376 7.884150852750476 2.693870659075422 0.9675251779073317
6.713692679278194 1.8030714951596487 6.605743608679013 0.9741607908616734 0.45543897668105376
7.338199036958278 1.4810036755538494 0.4812166926035285 2.227600103241366 0.8264409915422097
8.443420485727678 3.0958908912985432 3.9994663035780644 2.400087797396063 1.2822676869629395
9.105279920816493 3.032476870992947 0.2435819079014434 2.5264175209491473 1.1674094656784837
9.115785138575239 2.5827791297101355 7.279092233465978 1.9486463204188886 0.41136805910954116
0.059790417648366914 3.358814169342952 7.463102046467233 2.468380812417267 0.6940950806691673
8.32637588584935 3.0613598015901786 0.969801395065464 1.4358358743818052 1.5479405185992403
7.449167712006181 2.635962978162656 9.361716781019377 3.611130918601415 0.8000295868953939
7.921680982424131 2.84958644225359 8.983028518977616 2.798979829355044 0.4343901946778343
5.629552014055921 2.4944456562645874 5.9215325331876425 3.8901290686625294 1.2097974690258388
8.278644708298998 2.7717891493639124 0.7957325768863789 2.524944855655353 0.7896100654610805
0.2628207739010526 3.3477381304896165 7.954714931359767 1.8327201914249858 0.4801378055117708
6.108841906572938 2.4304961730084624 4.204700087866599 3.0276579107478994 1.0282892760618276
0.1521390439075962 2.535918926812226 7.976790995472547 3.418718811047383 1.5100843080998188
6.1744092180646515 2.822915511144738 5.441656610557673 2.827870848852154 1.0131905428576276
0.8666704984241322 3.646818280813268 8.73416526557458 3.0861986653595306 0.6600262045259587
5.682508351346543 3.8081995630329284 6.329100921286441 1.9818734301984535 0.5790685597666837
7.5596576563679 1.6365951664820049 8.07394846495852 2.25528300980751 1.1046662624769459
6.911974734610498 1.9587316724199904 0.8771442165480761 1.987242615640754 1.3597179552762981
7.709849537785099 1.6569249504608716 4.46733041440599 1.4739774453637156 0.5879573297933933
8.06598670042565 3.02247734211496 6.852580355753287 3.0612495248410205 0.936984285322312
4.5365886406132345 1.6835169976617976 8.19694392149488 2.980509419377772 1.4405860979299299
6.733746475282063 2.8243614911520907 3.127215678124761 1.1724463825361826 1.3129252872144046
1.9615690007527453 1.6701604561176646 7.728555977537187 2.138213854657565 1.172268960955298
0.7325401586396745 2.6915303079081396 1.0861299105699134 2.4171842949679974 1.1954205083515672
0.7408541804284505 2.1583005267531665 6.31156457240742 1.3935553628369481 1.2355272452529016
6.6588240091148725 3.3988372297410323 7.356678439622602 1.405850101826998 1.487192056294018
9.002726687323515 2.9910212255920903 9.067584330370547 2.8678389390432764 0.9323182417891629
7.774523839953961 3.4206281467644213 8.269374724537734 3.17632351815526 0.9336748083089577
9.52715069993921 2.9736648358866002 7.704495505849074 3.1727846706549956 0.5834634378776733
1.3583020171207791 1.524840693487123 7.672178101208828 2.7499706045381545 1.4608752230135287
2.9444130810095483 2.4621779105488475 8.65540049960432 3.0871433263697794 0.5316154862467413
7.849335627987584 0.6890127205431107 4.206605228897976 4.144370265359139 0.9931411862330104
4.759072126300273 3.879067553071897 7.421751270151237 0.8045870746393967 0.8340880906073584
0.766450461317153 1.8975197844529132 2.320989782338798 3.002150011587352 0.8606836465280295
7.2337067248191165 0.4735782318465033 7.219851741464728 1.6674843028714972 0.9588330949159283
8.974415030875495 3.306531965556199 4.429693412653524 0.7425025501173927 1.009092940240627
7.050751727314275 1.1840436914718846 2.4117735223272962 3.049759224516646 1.2006866021033769
3.8291919836676795 1.2346468910530604 6.525787614431581 1.2899383381707952 0.5072766283044516
4.668522208832667 3.194321504589715 1.5349710553524305 1.8842858902125408 1.2141590974720557
7.271493663010088 1.6215994758172787 3.6973947327992587 1.744842720390283 1.0391808091772485
1.5439000752961753 3.9115044784824504 7.674790976949491 2.6922673796633076 1.0230380248728832
1.024783859223807 2.820420013173815 6.0092873101080775 3.2386155637728153 1.2068573544289667
6.492382911654007 2.5693256722291578 6.770750755417425 1.2947348858337178 1.1234632162704346
8.162622303859305 2.434930766359236 9.519265146675385 3.3007816765614573 0.6694373709884837
8.719333205601336 3.447390199032207 6.051684139221269 3.3851663167534407 1.3805350233688334
6.78611020716486 1.357899928716971 6.858522847057216 2.3249863736585867 0.5265333774951294
8.755073426405168 2.8299217179459 9.084596117983743 2.7195473183685612 0.6002110104398964
4.954812101957262 3.0488556572813152 6.44865826347345 2.569692037059795 1.1815140366737598
7.644175088720396 2.7463142601203083 9.071852989390122 2.9051062281818933 0.7461428209601453
7.93769241559761 0.5187659752190783 4.6477112817033905 1.8293634049552643 0.7442146629816416
5.349877169122856 2.6392931677996843 8.591498100506863 2.735108959780616 0.9896522714571843
7.271945002990596 0.6465292000446133 1.5779739961904984 4.249806725034261 1.3494842656458879
8.96362080698674 2.778934314621306 3.565045097137356 2.3106192139242383 1.4913115311024765
7.744240827879477 2.20671957314375 5.898371724805941 3.2482894938312 1.1862113347987562
6.792400856940515 1.1863896083259429 9.1475019809587 3.177711285696723 1.156519603963463
0.15034752252108124 4.278664405043348 8.154806997744357 3.0769637194082917 1.0972606478985878
8.744525109434145 3.0461573365706553 2.4299852173399334 3.043869147378 0.6372281089682078
4.89653467485366 0.8904821512195251 1.7003254619984438 1.9370102402057565 1.1279520177234568
7.258757895796667 1.4052538380757702 8.115458531673859 1.7866543947767712 0.9828918076977788
7.524952427631575 0.898391976704523 3.415128965661209 2.9414494818396575 1.5457997171023694
0.3658120561440054 3.927091484098098 4.183201765426218 1.5161858558311234 1.1066869544384303
6.583732694788756 3.3787934844133476 3.0539876390607272 1.7879542743444183 0.8150749113663893
9.307828110253777 3.1990142694843393 5.96165535251636 0.5943697663979455 0.8777399434048307
7.271349360595638 1.529009211395756 7.019038487367375 1.838395219398627 0.8709508299093736
8.331183715990734 3.412367924857169 4.214375584598941 1.7655516823787831 0.5922275324916344
9.309499727180025 3.4826310422050337 1.0338684790344257 2.3957665792303255 0.5757066636169046
8.588210090503459 2.926313260842273 6.802128691561745 2.392656185818144 0.9299962824826149
7.065564116323863 2.0228536478897956 3.9944350655793097 2.0646225927964803 1.4505477835535965
4.912327937034484 2.509469449980617 6.519318054098818 2.906769832264534 1.1861647674418294
0.8651437257830977 1.8924128094215071 0.8498350792505178 2.1797431823575004 0.6216933448365867
5.631425325964296 1.1486492610523853 9.026634398421194 3.717990704888145 0.5722614602166213
5.159460564725353 3.7716042704049952 5.19351450937017 2.2336935134083804 1.5368638337556262
6.459381802268048 2.4481958930675085 1.4968977198603166 3.941538821435719 0.8806133324970691
7.281529554548908 0.8334341497927784 7.689921955737383 2.0718869195270706 0.5996278930105292
7.558426672794456 0.5224333583191325 3.443602321165705 3.9086210938564974 1.0947553695489178
6.20780725704049 2.131645458646311 5.801871193266046 1.3262486942663525 0.5333069064368237
5.480063882197952 2.4916764220458356 0.15535460799187362 2.5196342211672307 1.1714245281647715
6.687353232993959 2.214810180724931 2.1530873747747235 1.909552555001274 1.2336541560213599
7.644589935508536 0.8737390240401521 2.9412632778052545 3.595232496562729 0.7437883934301831
4.002933784599779 2.6501185845315796 7.406063422087208 2.712859632074439 1.2406481773121547
6.7397387644090365 1.9984548103534365 5.829575922470916 1.6956063402265193 1.342735809560657
7.476835373806475 1.584680139858162 7.276916910247235 3.3600491011958082 1.2493013529885437
7.493454958395058 2.802708687850708 1.13535654369598 1.4861664696329029 0.4279679290515267
6.2227352486279655 3.008676049332375 8.09376502263322 2.842256796501891 1.1088286358388642
0.30852792651011096 3.752965271217043 0.16007759160376372 3.798540515958205 0.5172158530643259
9.061916172000563 3.015557217335771 9.070702139763991 3.097885315363258 1.285235852012271
7.961995095259093 2.6401916134440415 8.185945291523225 2.291150102337263 0.6556884172921292
6.938064153307771 3.263446528709144 5.0471787115690905 3.6210457919137737 0.44413384716589666
8.64134227619019 3.043385680177682 4.281906500803915 1.7575610983413177 1.3804881246249592
4.690189883751088 0.13083634538726074 5.489990606739599 3.594165555926192 0.6256906217350515
5.897842483630404 1.6885225127730283 6.856795735460376 1.6933596077717106 1.042443719543998
6.612169906585008 1.612087135208555 8.32016239575697 2.463409516508984 0.9364803503236498
8.971473230351682 3.060884190466754 7.15326002266899 2.988002946592951 1.3068291354234998
5.019204113506196 3.660393435770137 9.894955503594728 3.38960443868727 1.3127235643761426
4.799673596017593 0.7970279146162164 4.525724167025169 1.6993161291335293 1.1499241793936055
6.938280162376085 1.1949443525161483 0.5348751512321093 2.2889462544449626 1.242832448790625
8.625182444819748 2.664161756165884 5.817184468902155 1.139395525632832 0.8927838018121919
9.065878340199435 3.0241925405717742 7.12382277690141 1.2852678037026857 0.9635437652565526
6.192854671861923 2.3897576322414196 9.223946353926516 2.648549253125829 1.4482484062664545
6.505039960380067 1.497322340886541 2.8764439287142527 2.0427199951200525 1.4583763664158873
6.215419318902294 3.16937183862203 8.990697267294973 2.7243786690691167 0.42252794117730835
7.10030649051133 2.5177818202127105 4.22941355670587 2.1393107442849413 0.5740556297077373
8.174118819009738 2.373535566246229 6.561636007307453 1.415371724290024 0.8153348427991377
0.18228402528799775 3.7698893828956925 6.38775482857735 2.2126762568614557 0.4693299436976973
5.437711527257535 3.4876697798656005 6.684997875246298 3.049386995591622 1.5599119804911015
5.096658875125313 1.2166516945143873 3.437017178524627 1.6529502698417473 0.4345288123750431
5.501817771776541 4.277034897163139 3.928221681269062 3.706923990763929 0.7006179925168785
8.583778126314883 3.3139975524674634 8.68640459944032 3.035731398298942 0.5104071267493677
8.403909760976925 3.0016985707959574 6.653542287794643 1.248989942653909 0.9501524716687932
1.8795465920530978 2.2592800875386962 7.871148161613984 2.7661025784763917 1.0537689620862192
6.044866066849093 2.8446922714495884 1.4472288177229127 3.9901464526368153 1.196118762382858
8.571888312665545 2.9275488035077815 9.021929363768116 2.5653003848241562 1.3760534149684462
8.556029371937678 2.4137569852397003 8.537024579843749 2.8340143702440397 0.7875732932160272
0.10541558438006315 3.6340660197828942 6.2500665279091665 3.1087940814390924 1.4354551299855296
5.796835063970972 3.476750108122631 3.317218525325379 3.7806651569930723 0.69089789967043
7.315427643655072 2.5165770508429244 4.885130768421028 3.32614838541215 1.4144278613581482
6.613947604076953 1.2566204608097955 4.999308279259767 1.0510865119485309 1.4037153255365487
9.137083374196209 3.4128244390489644 8.569319742246462 3.03686265163878 1.3825920384599715
6.657855373848887 2.3759927510358567 0.28325099582331975 2.112250319960881 0.7990516229456858
0.637035729626958 3.38619281203318 6.712850810268829 3.080592061890234 0.8390730717601584
7.0525566646716245 3.359196714276904 8.725777196106097 3.2894332064336127 0.5193289334446616
5.086186416464253 2.3521596499622897 7.405462355050857 2.0565754739124826 0.460516774072464
8.455832129926934 2.050714397672816 6.744529970866536 1.0819674413541254 1.2878848932207005
4.778278333553304 1.1454768318551496 7.163048499927182 0.8130353151477829 0.773627897977234
8.4995477527426 2.575226066963978 1.0616053064619746 1.8698650411765891 0.5420413418104195
7.377691519755131 3.3318425266817915 7.783922529655047 1.9986608082016293 1.5531152085382312
6.9224625501094055 2.083463282526013 7.522883468723221 1.7746205855888184 0.9230499335282969
6.604078901201585 2.138625305762343 0.665857318664355 2.6671945683840588 1.3825558658536816
5.482519415614376 1.3242563915901235 1.2713939562513163 1.217602248407475 0.7448609771232094
4.977672780691359 2.0482133226766366 7.160435155166131 1.245258048723957 0.43762874139855246
4.8933379869189295 0.49993604964855126 7.0475469217054005 2.738852934050996 0.4327629898796052
7.722254980355787 1.5608599303882584 4.0184134845045385 3.255558373498948 0.4406944943894847
8.682851142481347 2.5946486134409565 6.409118344905233 2.5814960390683006 1.062266904226525
7.401323770462822 0.6525544824442487 8.447840110637028 2.489651896444882 1.3329583818478306
7.552514570844089 3.0895510099449224 6.358253070492818 2.607294673557735 1.0473562752600183
6.089449475132563 2.9578147599184126 5.183070725518987 3.798561247446519 1.244199981398873
6.543303557929309 2.3462783599310164 8.96580094266158 3.3513508577638356 1.3092588237106872
6.030798844165245 1.6229816671501285 9.08878040262486 3.1315300243227444 1.5984333109310591
4.60278542945881 2.4664464806255104 5.8605583492476185 0.7549916981490943 0.9205474138417453
7.996763092510344 3.489129991201209 8.353189776584921 3.3413033236904783 0.5186061567738119
3.4555463633227967 1.6366113488176806 7.709440604826464 0.4273750791696552 0.7122893822947167
6.687332095809458 1.7937089805583801 6.39483982279804 3.2309394968836043 0.7858830075698887
5.141596284955987 1.3243415590767982 4.429658765880294 1.4564999917415542 0.8870380895695802
1.1137380786660613 1.8284181849094894 6.383209070260472 1.4394539298208666 0.49778760608849437
5.8288286607343265 3.094596160347561 0.7601413203760771 2.957347465835581 0.8795257201977054
9.373439611162441 2.862895322528301 0.2887390636359245 3.7926077850355924 0.45566650875825915
9.488910474028113 3.313434824725215 7.132600053020804 1.2827704225624974 0.46131056248267827
6.327505166385343 2.5854346648921758 1.0685553174086104 1.8584530323823065 0.5225314380770927
5.250954822128499 1.8773507452151599 6.29005181234994 3.69845632523292 1.1418691697311183
4.64731771448373 3.72939430829686 7.201504180860334 2.9334831943763717 0.7816429916685936
7.179480291703848 2.772169097772867 8.207815338680772 2.3024666037875754 1.4759350845231891
4.522938434971027 0.349694008824802 8.962134777890949 2.9429046294452483 0.7926433308041856
4.911105705658669 3.051870932394766 5.012157987425545 1.1244534912355297 0.8188899701732054
5.0007657150747304 1.4424626867741652 0.5323672770742587 2.2406294833225147 1.4236887914100051
8.718683660328246 2.9783270242309383 8.994089119635149 2.779166292634879 0.6502684451618919
5.577088740519928 3.238733184770177 8.471279805941206 2.6599163013784537 1.3619025373168867
8.558756237413494 2.6766707675744286 7.514744623679863 1.4138729278288407 0.41631995711388664
5.272155136714229 0.9151722904769206 0.5378207273728699 2.265230114043929 0.7886837017052428
7.191427865983043 1.0584674721454395 6.683953367749208 1.328875452767928 0.8429781480949999
7.880531057657014 0.8811424216309809 6.8135270423855925 2.159928541760354 1.6006136848246688
4.018235419634468 3.4255922599373405 9.239891116846056 3.2779840002128466 0.7782280712070034
7.083512876366048 1.5422536085073866 6.418592289363209 3.2650532337515554 1.3905868413917137
8.11882319125158 2.782952592221795 3.842887723528335 1.299394243065132 1.148836350421392
4.599308173185421 2.661509255203388 1.1033176681536092 1.6381804741321009 1.2715549074980979
7.340495878417006 0.6696171542316711 8.328032551616205 2.3639763748234617 1.334902037311271
4.580525410705195 3.1484414782938255 6.951268805239798 3.3039466686423973 1.3035872164988853
6.974857022413807 2.540907765108979 7.8559987489704834 1.8659431191353089 1.419411426936429
5.919505412615169 3.4076856569364296 6.959403692625096 3.4817518089305906 1.4610015045567146
7.471732274853757 0.47238722449398834 4.228981995069665 4.108989739727091 0.4559599962773679
5.031592073649274 1.4383912601705715 5.962070330003751 2.049479156184906 0.8400822874975834
7.190587222023189 2.3977188712471467 4.364011043729397 1.4136555363037284 1.5986391151346366
7.623342707236706 2.7259170949654923 4.6528524467365076 0.46188918685768277 1.1883135214587361
4.578647479179623 1.8380163743861169 0.3338207965919958 3.0118857275985196 1.5789636271377403
5.76633721494395 1.6609496215330342 7.318697955530405 3.1625956256203187 0.8854524150056611
5.800989896661475 3.2896023393458376 0.5836766739217015 3.5809819213635015 1.1567299231631543
0.9700362945647398 4.084555255136243 1.042741833139319 2.2568445600905385 1.5418021380327596
6.291391714996891 2.9342282571597464 9.16867712290912 3.061790802651977 1.2406162891947776
8.57144811431826 2.9291016769781155 7.160270073570971 3.1547648916140307 0.9627590354144508
4.60416332686158 2.499909053834903 5.068828142489407 1.4620919415719844 1.4538235578898997
8.934183004480715 2.8714913403064037 6.907260346805342 3.187904392157869 0.7811812040849783
6.3225873241683965 2.7438386118042355 8.335022525102794 2.990619004427307 1.2095745523349888
1.082481009619849 1.9232415785147838 9.550909614953705 3.07524394534571 1.150818984654874
1.20643779583723 3.839033392537189 9.109982529952578 3.0586433866116898 1.2556590040064686
4.784021162455851 1.4794160268453864 7.04123681732471 1.7013939909167242 1.1561844139563173
1.0636296094057462 1.5021147064171196 6.00535096559051 2.562788667718001 0.4134852900657581
6.86254854281213 2.485691899427185 4.622060429517584 3.6001831163384255 1.3850661815981384
1.3960081564919473 1.9327275709422667 4.924387921950547 0.8210557268126069 0.5921453039247208
6.74026997907872 1.3351269719811465 5.323391290641702 4.012190570767332 1.1539204251117285
8.751709472570683 3.3220312621696695 7.397740548752301 2.0774120845045596 1.4735113122933678
0.5618656281630267 4.004425574115324 8.535829174922108 2.4765811088266343 0.5293530649161446
1.1893592906808643 1.596488877951117 4.854318770808583 2.106157632159615 1.1066032192251083
6.083094630369843 0.9392032522867724 5.8789600196500205 1.5823566444547672 0.5163867081194324
6.6243780014462 2.8339420473855887 5.2740455559069215 3.408838417345999 1.1150596749051347
5.882369710791182 2.321490025043805 6.169881042540269 3.4993311897335038 1.4511769542430069
6.465408443310216 2.295149300235039 3.893637484568778 1.6548958539485776 0.9154936600905783
7.060371773350512 3.0720780415819227 5.768356708820933 3.4345487760238305 0.7609660025763378
5.158322594934279 0.9718210679451764 4.509530173812312 1.7415233515199624 1.3214196511225602
6.305281066306182 3.666909765740011 6.351995878564395 2.3189961784469633 1.3422556635461922
6.194657050950944 3.7963905234613082 9.576391608254484 3.650496778367204 0.7035283614567418
7.365305048047409 2.6639760808865103 3.425242926137301 3.210603544066297 1.4287319411282877
7.742874412136976 3.0273323252972557 2.3537357906452216 1.226957951002826 1.511522183178134
6.067626398784066 2.325212435837015 0.0811268649311887 3.417045380633971 0.6251281727399876
8.818110393009983 3.1373384076141884 6.344056375662307 0.7903573729447093 1.036362756151912
5.2851393478431 2.0184796721472074 5.4574787594374765 0.8536632893046926 1.2127764803786811
8.392667668059547 2.731130674399991 8.889183956028614 2.882232304157637 1.199985953140544
5.3245097605384855 3.875541716372446 7.710809379657225 0.9383198961565731 0.6626762498837169
5.852448485116379 2.5075113951780534 0.8018336694217286 2.0099336747873897 1.4752877457672244
8.39020621267685 2.2063694095244704 0.7292106248430816 3.5932375724710064 1.0376770445465817
7.992225800217421 3.0776166592499687 0.59649448581068 3.3418441704403548 0.4314225090875347
0.24418063383405697 2.6120843142019115 0.03601963741337022 3.3061410976350616 1.5237058885745318
6.924420547916786 3.193933387993133 6.987011738379924 0.9131915328449997 1.1961764948088827
4.946792580493338 1.3767662481979113 5.192308083861383 2.829515611337081 1.1392904416834981
6.639148121664588 1.6755545942158325 6.8304468573179005 1.498530174600922 1.3333620821555834
6.057576537362933 3.054750588790574 9.130547555585283 3.474140565228137 0.45725981073838146
5.547330322742011 3.55846732102489 3.5985967939021064 1.7365394193528916 0.9661921377597213
7.516552290591058 0.9053280094881996 8.240737502211312 3.3522319226832047 1.5272167485586097
7.4653575111730905 3.003365148305956 4.312414787789105 1.752091839978026 1.1930790596162073
8.077867579911755 2.649856976398698 0.03199781705712841 3.342471493592839 1.373035935584533
8.308962829409245 2.034447065926182 3.600061118062427 1.7395505643025175 1.0441630273865998
5.055197239245487 1.17763927125573 1.048591604584609 3.768202737747243 0.9147869116142484
7.985821056780157 2.8994218846841666 0.45350439514539254 2.842777602611201 0.6383620892200011
1.3314924272010416 3.533857386318576 8.995560282920817 3.2517320244012957 1.4536063691412
7.998038599122711 0.6445259201431791 7.200379387554181 1.286333481522598 0.48437123297053175
7.93619601916955 0.7464042636866564 8.802795239289303 3.007187352629197 0.8719920789877103
6.099278349859791 3.068021225230334 1.5017436672896212 1.332513884373793 0.8817881280071164
6.547149507335103 1.3555206460530989 7.271568538966063 2.496290070802401 1.4188725938768432
6.705527735819063 2.483045195598722 1.23605128817873 1.8476253793977135 1.147691126942181
3.258803174885139 2.617226361141065 8.63526363538847 2.5559699070201707 0.5159327650866204
7.982013923192725 2.9640616540214766 2.239117872237818 2.4480602936017006 1.5910389037625392
4.986514455386216 1.0665024506857539 7.115813029400586 3.287433811998055 0.6150072852252015
6.066333138106979 2.340308934035548 9.125993906686357 3.069189175403216 1.0758006504638364
7.099988426957736 2.8751711328533136 7.08662847852576 1.574897503195385 1.1549113406593865
8.210643765732728 1.863482113580049 6.966363050157346 2.620598739561135 1.4461244818040369
6.442921204068334 3.77033575706414 5.913374709184042 2.697883077546169 1.443786687719143
4.865945448745078 1.019310595911145 7.590103273676682 2.7969366345592843 1.122321517277609
7.901996673392803 1.6158048206644602 6.2782846068443945 2.120685092490128 0.44498835959582794
8.121593590450551 2.747688816125395 6.383688161210736 2.9811877924601404 1.1472596889702145
3.185732830971847 2.9042445656211062 5.517730847980987 3.4771705716465022 1.5957698537630982
6.0978284918544405 1.9390074577569414 0.8781308096615614 1.4744628089348293 0.5740780116455069
3.0609059120173425 2.7598666450749163 7.327672416140386 1.7918855070993067 1.4545844964212478
8.917452809337922 3.033164036556015 2.182889761973216 2.383026729601824 1.3265196001691095
6.852528405712813 2.8967750189253367 1.5505668809884372 4.290221024372693 0.4208354601332704
9.26409544397465 2.888843503934119 5.058986100431166 0.7425611941040176 0.4772739727654286
5.395045539454785 1.3298146151560217 1.4484678249548717 1.8203131362621545 1.119610790193176
5.423322252946149 3.7056980364590304 6.079040485958047 3.2772571112824016 0.48423083691274577
8.825911512407622 2.8111360384735082 1.3343034813141361 3.569882492268719 1.0988337104079
3.4666816107506166 1.0965072140265972 8.300761911520087 2.723655148574131 1.5712841983370642
5.250788591170107 3.486467668678642 5.317688554348573 2.870145570188899 0.8781301656782543
0.904208635486266 3.8410239886066955 8.574523681945667 2.9732389086117808 1.4243086282592887
8.896018672211206 2.6494026870320004 8.674486065261338 3.430084220485664 1.0978090140430488
7.246845814260896 1.7526530748324576 2.426725467559362 2.875195376417703 1.4377213495849608
7.317763320902135 3.100443724082178 0.18792712227738756 3.2449864501771364 0.7572868214371595
8.80870191302876 2.54512933824257 8.584416285335479 3.013840665549827 0.8172503770539059
0.17856090757117127 3.857998842695299 7.076752995126402 1.290646066445105 0.737094642333362
2.04905719503225 1.872944950985141 4.543243799533626 2.2506363639460476 1.4842992028374866
7.189514848336552 1.7956590289079313 6.456599365097833 1.6962964009588837 0.6238013404998028
7.310792212746668 3.0714322886194942 3.6748724630191005 4.178955534761384 1.5700675709091252
7.2153473601343405 0.9702785628707628 8.564437931989 3.285594187433666 0.7356591610005532
8.066321821724035 2.112979215087815 1.3823911984581372 1.6297965094711258 0.5853867281870728
8.127793067858287 3.029183779928177 0.3904469103185647 2.074501741422368 1.4405951346417099
6.836511286562892 3.2017456420731456 9.12767228669032 3.063175624504382 0.5742033523155206
6.649648373159829 1.6853361560733473 6.327837082875328 3.3806028522168763 0.48940543373425094
7.057267310316423 1.3005810363071104 6.924465659178936 2.2289721301525094 0.8979469987050603
9.267553986063238 3.4851680980707878 6.619554047355404 2.480337350535339 1.581201029044661
8.487329388440152 2.319310089130212 4.792170626354844 3.159681487766932 0.8564425643039262
1.7254917445678768 3.376220551358678 9.101524665861906 3.4213066085805703 0.7842888819872709
1.9989474128231546 1.5036771567335496 5.7575532327595305 3.749957138625894 0.5524543571529066
7.169651267423187 2.2933154371980153 4.49879749922319 1.1002517966547325 1.478119368983064
8.186778351244225 2.1165120601212024 7.907819780343923 3.140049531580016 1.5914800992767824
7.065596734922982 2.4682927380840227 8.703523555947061 3.2028715473811618 1.4651331060040023
0.7057385449978999 3.8090115821282216 6.849627993102258 3.4091980946913907 1.274121561795242
1.3782554342827829 1.3617936976240737 6.21602453119544 2.7595847722298443 0.6596202524332966
6.120982603663832 0.7426800287071109 3.509154647837373 2.192105760703533 0.4262852640717087
7.990520098101081 0.5604801878744139 5.768810386166276 2.4781582831279203 0.5586223884989299
7.7486812042218665 3.012244146774102 5.687524190473676 1.5514588737619508 1.0944606684053546
7.688390327432858 1.103398927612965 5.165307129599906 1.3712119403299003 1.116085474257939
7.529059961448213 3.483486608459772 7.768450106245484 2.5080664045396817 0.4273619679438694
0.6867201247513262 2.2419258457809352 7.125753583186028 2.3717358543410523 0.9060747908347453
6.97925781126107 0.8741609529119341 7.893426007689624 3.061117187114586 0.9842625023456586
7.699985191841528 0.9286503260437564 7.982584723433538 2.723315049834046 0.975790138184883
7.150186008130704 1.6548761110167076 4.4897247040763 1.628883993428735 1.5334595760339134
7.1417431470431065 2.7252550027677835 2.9714839167155063 3.084314423304361 1.6082039997224669
6.690025276956278 1.7261908658125908 7.155091387178693 1.7108485109977423 0.8329739971231126
7.674824355542566 1.3603386032272198 7.697384185773074 0.8194761629300116 1.2646380547172489
1.7609441472971123 4.275372478463174 6.244856599063339 2.7104478774411467 0.5574568887952206
0.2841533062796154 3.315238829349343 4.801192902917188 3.5660069079514685 1.3886510241736274
0.4963850090415052 2.483653058595689 6.092340579034752 2.9909193351175167 1.0748706733466025
9.149273027505084 3.4268695016727735 3.9019925105642734 0.9532375205862139 0.9167832610275701
4.60771483875798 3.8010765678958074 5.738455890644073 0.94255913503641 1.0141267075219351
6.1604871694940515 2.9926376535849455 4.930115853300734 1.9406953863726777 1.319565339151724
8.371661163939342 3.4078235046429004 8.994294155255751 3.242095863815379 0.5089489507815919
8.987073811164418 3.064587323444359 1.1455864618887777 1.6888077425899994 0.8212392951723495
8.130254690790983 3.4084178867042247 7.055451960795159 1.0271515228849384 1.2721998284900675
5.581771770157534 2.7089561756795124 9.357723016562502 3.272728993218111 0.8012556250736966
7.081089599917022 1.0743660156039319 7.223175721890029 2.288688040318761 0.8170970655219472
5.4838931201832395 1.4770295840432492 0.45222495842236704 2.598504061397817 0.7116718513043602
8.060400383123406 2.0919551982429243 1.0003684317157047 1.8110836448910759 0.6313112024699037
7.224113221989995 1.7538400004480508 6.2790233663071735 1.5916575241319246 1.1608360030415625
0.6718086096499138 1.709260696996522 7.93308362000405 0.5058110526988464 0.4119329038052441
1.4725494701260347 3.018661243112646 6.957623481070942 3.3292922324292924 0.6189788766238219
5.051381941883835 2.6141473935380564 5.730133967096399 2.5767499866394474 0.931781298262949
5.7283899888844365 1.5722376669113949 9.540914593988918 3.0264142299984576 0.8315004268031162
7.52627811606416 0.5499012845430314 5.58732955488722 1.4922786180035377 1.5946082783376554
9.026214962275164 2.837574961818174 7.284859044462582 1.8583694050107193 0.6839851936262531
4.606976540535062 3.6197294035162537 8.829047422207115 2.870653111877694 0.6028402906965423
8.617055943944509 2.1477164450491104 6.2346676569430795 2.496835850050364 0.7470570732159056
6.462031560075384 2.290986592800503 7.2279099860332945 2.1065000114694916 0.8070440348491942
0.0825837871139884 3.733008018823367 7.312835950623422 1.9184284098720248 1.1303283305173382
1.0938760632323279 1.5527153361360726 3.440385320023715 1.714745361547796 1.4354067279855185
7.322850352120538 1.906383086368883 2.632284427407858 3.709548999056489 1.0346259319945654
5.976596657499536 3.4871751246583425 7.655099175426099 1.6815925693741696 1.03267551412456
7.241122192533906 3.2932914068504386 0.3220163978496603 2.686318485900092 1.0041042260954713
3.133607773942622 1.7095346133682656 8.50129871366925 2.5852719232063426 1.4087447484619329
3.4766279811451914 3.2665910275473764 7.259173612880133 2.339232275252332 1.324796566939296
5.335042496459941 0.6372691078816612 8.821906254013546 2.3637598756604348 1.0873873649827173
4.456569933600673 1.2958345183082134 1.4463004339121 1.8969851776504378 1.3131507982401176
9.0018910749335 3.320000683346764 8.028165021562934 2.830167989843139 0.6778013830495351
0.2544859225167709 3.7386052104667855 9.166671236432812 3.1403123806695517 1.3370299448569956
8.899758733930499 2.5587835812148505 5.664675327463421 0.8939784725191824 1.2843661235963322
8.608482902980443 2.305656870376668 4.1840996734512155 1.331041179774929 1.4327204546838235
9.737261625974842 3.3725929110322745 4.612990249883951 3.4240244130504656 1.0651210530971171
7.71262818245619 3.4236505490570384 5.072538133514763 0.7284058045166681 1.569074114605901
4.185487818079806 2.3584457988881242 5.358495218540412 2.3088490393573857 1.0938137617424597
5.631141608052057 3.7320701749105245 7.4353879851530325 2.04718594704301 1.6053656407889543
5.3276538057778104 1.6797178990115909 9.376260602410671 3.3511860791684045 1.421255626129644
7.068289739393758 2.0477595838508753 8.402744073817978 3.139638810191232 0.4843483682954538
0.13666229051288437 3.9209096143392754 5.1744945901266695 2.8464134097853773 0.9827313586902688
7.864856373908783 1.4032816397897767 7.0253857407341735 1.881334768325804 0.9314875403744907
9.049068713958457 3.065800128662922 8.971504703868472 2.681845621064053 1.410346903085696
1.278576920163589 1.7698291605481293 5.03753352024693 2.382315803369084 0.822443147127065
5.78929560560739 2.229456109504738 6.782630115958892 2.4794548839288804 0.4172109153294171
5.96282337041171 3.537911794137019 0.0960830579573898 3.8964742078023713 1.0356650625008945
8.62605529538351 3.033206776049517 6.637588174949286 1.3101793138399556 1.2543477664922555
5.968698326747678 3.6255273618628148 9.31981959668464 3.175776714046393 1.1800287662998032
0.2766447845116056 3.1715867309300547 9.535805517324809 2.8707613637598026 1.5702838924185005
3.631646082517118 2.0124663346503278 6.214973516457516 1.1169038409954108 1.3933639944496232
3.69908909187414 2.4702860005544287 7.644322435104529 0.6327346607913258 0.7946825953065793
5.4175954237235615 0.9171849519766625 8.975792850841186 2.4305271190330515 0.8549822826183346
5.530813775965013 2.0181806740108117 8.58791806223642 3.087753893500648 0.9206959527946854
8.642715766731289 2.8377959168747537 4.919832338632557 1.2182858410934758 1.114776395929562
4.308564934640899 1.8249815886751672 9.10691325211477 2.629806040074727 1.5743721544345928
1.1713005901241693 3.688419832888471 7.774703751899666 1.58196734075846 1.1790142885345014
6.785664075441658 2.219097545016582 7.799617325364419 1.7055651001645327 1.3766722607337663
1.5671816221595256 1.302371109398689 8.64102296333047 3.1073082717286473 0.8759699215861538
0.43211005602682434 2.033392310736232 8.08333984952466 2.0034855868533246 0.6312826220405896
1.125444777467111 2.3645134968677555 4.693862231317407 2.3826996403948075 1.2287628876772234
1.290478212003187 1.6055668098179239 5.526181154905784 0.9048769175872824 0.7595706640649273
6.861678640294 1.7421705698538155 1.6496623722381514 1.6374547758670184 1.248764115166593
2.6305704755419765 1.5366959357876566 6.54035416177178 3.181521451263841 0.7498442730378
5.008722725149985 3.3065511963812466 7.799729223293918 1.8867767858121827 1.5359037064186891
7.866219644057348 2.6496766962947813 7.4616222228082885 2.4416261869047338 1.1488921307024391
7.221291423416084 1.8557614092621126 8.379361378244637 2.800526183146396 1.3327456282420218
7.239662526715844 1.5329921514982257 7.796843583144724 1.9129710643170057 0.7188155382122173
8.026551488588796 1.6585945482767004 5.240305669674549 3.2920768233459 0.6021318945212057
7.801957890812699 2.3544850198937355 7.017837357969174 3.275497849594753 1.4426612435442745
1.4554445213381868 1.9428463407563874 7.587510321196406 2.168570208670687 1.0570805619925465
5.3711426151966775 1.0174931405229395 5.113418088577446 3.608161915669043 0.9295396487407055
8.370630077453692 2.470366057123732 3.044080408204725 1.0414032598504264 0.6376091344691937
6.064133331102131 3.269708724761786 0.7159000901753738 2.764723030644105 0.4922596401155741
3.0813443881211215 1.9980669498120904 7.517013453741362 2.9794874838478447 1.5162538463226676
5.610156594447984 3.3223878348098954 1.0562248220790695 1.8318667860337357 0.8467008820108599
0.6582925616016788 3.9053701325624917 5.297903339959217 2.8189591668510605 1.1797190987926467
9.046484820253177 3.0351451598527235 6.752363124131839 3.380415478682198 1.5906238187118489
6.700986995028209 3.140358473161719 7.933133623275952 2.0715651659605445 0.7181351321740571
8.117537658843851 2.705280644202609 7.997271583782321 2.786437623358992 1.5422795912614589
0.25780230632734047 4.2848633296263285 8.15506661775116 1.964340921408589 1.4615156418498927
3.777754091950963 1.099108080494947 7.169943970934967 2.399640683586246 1.237497841479477
3.4439728040727875 2.0921972361027685 1.1068259820438173 1.959940888314655 1.0992604555489898
5.131809171965754 3.972714986502725 0.972362058081612 1.5256038783666637 0.8324151612460965
0.7211879120030098 2.153908551371795 5.975697075937764 1.5728877215749668 0.48639205379440403
9.497885958872097 3.146894434317585 5.335460126547324 2.511676581603419 0.4187765344227911
7.747374227893936 2.321875904363476 5.682235342917483 2.439778089494341 0.7093093661393981
7.7238414006663625 2.30868022009015 9.464379192362602 3.347530490363283 1.105521270767168
9.246230123894431 2.8924590296893387 3.576606347323594 1.9007084246003394 0.5870264621852654
7.610047134535442 1.982331083752142 7.5763690752138615 2.3676687134584746 0.4589618880069504
0.38742806269045577 4.2211679703229805 6.156334085933363 2.352564911214654 0.4738631190387863
8.547999679189534 3.32289029783641 4.697405361483171 1.4187305154036431 1.4920321311437494
9.034107877779256 3.079376988213127 5.011165657860597 1.2730305986355808 1.1777954241088513
8.789285911493069 2.6703607066582706 6.93268002911266 3.079744201880548 1.0178222753117148
4.306510665779686 1.7243909901466499 5.45837796699517 3.9631972970642697 0.8921283876677155
5.087323930769882 1.2136591212194527 8.816884261963562 3.6371072712269794 0.48075601579560934
2.4857160468691375 2.5864145276835986 7.144658953895379 1.0320823122216747 1.3647956882887449
4.952610994385608 1.7942508692156716 8.135467351059393 3.149827695884364 1.1799158481990724
7.443529880281808 0.9924663113726931 6.216222182793973 1.1321010382750603 0.9347615312756057
8.6664349318077 3.039931175700128 7.211393649491468 1.1596503738660708 0.6009942058890989
2.411081500873687 3.138889268736228 4.489547911836009 2.213250954328135 0.670425852339785
5.955695962820714 2.504807064447324 2.6775721165838875 2.2429967997052636 1.1095721245521224
7.387298530602251 0.930952328775132 8.507339954969853 3.5264651188070713 0.9915003427857807
9.180492128766616 2.8978114841589075 6.800709932896063 2.4155789626545916 0.5972383275448794
5.022426128181898 0.4215718291326312 0.16473758644338182 3.5056186717423126 1.3228868442933903
4.9650229689902625 1.71927408542025 5.667350239881707 1.911606454803086 0.6579888475290324
4.917620354450404 2.277892227037074 0.22294530120217465 4.2345015027158315 0.9343028402543809
4.93273775508326 2.1354994184406566 4.684770642584342 3.6524528701322105 1.3525923835800844
5.92109578606107 1.6480535140751813 8.816939237276447 2.7445416458827543 1.0974542141483548
2.457230727764629 3.8114067604215007 7.922507371784354 2.187620323129588 1.4012519884466168
7.071439606506999 1.3446412318976442 7.393796280470562 1.5447358097751245 1.2229527203013573
6.808901912357011 1.905702882197027 8.358072915250016 2.656519254591284 1.4878455932213548
1.2456958688477586 2.485346860482208 5.07620138556538 3.4662203049988665 1.4305085480267927
0.2353515511321796 2.6230719022661884 7.600164880986944 2.26931012077881 0.42006237053540246
5.748771675857883 3.2608064534917176 8.327951939379735 3.058545265463664 1.3877586239734048
7.518790423579602 2.687204216226979 7.414407840170158 2.254778311813719 1.356494630106405
6.569878875731076 3.483149407284193 6.021490443032172 1.8664848155719735 1.086360607223852
7.931367769899996 2.4195299020126004 0.6133573873572171 2.1623634740302684 1.5926366512959569
0.2946500824311171 2.618193029362929 8.03476849776115 2.286839319269256 1.5044936957710502
